# Profiles of type EC N=447
### res AA binding	proximity	coord=exp(-sigma^2(d_ij)/D)	dir=<dri*drj/|dri||drj|>/	deformation=dri/dfj
### 0 0 0 1 1 1 1
1	M	0	0.000313	1.82e-05	-0.417	36
2	V	0	0.000605	3.19e-05	-0.418	34.7
3	P	0	0.000738	4.88e-05	-0.42	33.8
4	A	0	0.000751	5.41e-05	-0.421	32.6
5	M	0	0.000656	3.36e-05	-0.422	31.3
6	L	0	0.000663	3.51e-05	-0.426	30.3
7	T	0	0.000663	3.79e-05	-0.425	28.9
8	G	0	0.000672	4.24e-05	-0.429	27.9
9	Y	0	0.000672	4.41e-05	-0.428	26.3
10	M	0	0.000666	4.71e-05	-0.434	25.4
11	S	0	0.000664	5.21e-05	-0.435	23.8
12	L	0	0.000647	4.83e-05	-0.443	22.8
13	R	0	0.000654	5.09e-05	-0.447	21.3
14	G	0	0.000765	7.68e-05	-0.453	20.2
15	V	0	0.000757	8.73e-05	-0.455	19.3
16	S	0	0.000651	6.58e-05	-0.455	17.9
17	A	0	0.000634	7.05e-05	-0.454	17.3
18	R	0	0.000645	7.74e-05	-0.455	15.8
19	L	0	0.000639	7.95e-05	-0.449	15.2
20	L	0	0.000672	0.000108	-0.446	13.8
21	S	0	0.000662	0.000105	-0.438	12.7
22	R	0	0.000643	0.000107	-0.435	11.3
23	R	0	0.000632	0.000106	-0.418	10.4
24	S	0	0.000623	0.000117	-0.415	8.99
25	G	0	0.000612	0.000114	-0.391	7.91
26	L	0	0.00069	0.000138	-0.382	6.58
27	R	0	0.000693	0.000161	-0.362	5.51
28	F	0	0.000695	0.000185	-0.317	4.4
29	P	0	0.000691	0.000202	-0.232	3.71
30	R	0	0.000617	0.000172	-0.0894	3.33
31	F	0	0.00071	0.000249	0.0203	2.74
32	P	0	0.000724	0.000311	0.113	3.08
33	R	0	0.000632	0.000326	0.195	3.79
34	T	0	0.000644	0.000394	0.275	4.11
35	W	0	0.000645	0.000499	0.353	4.36
36	S	0	0.000687	0.000633	0.406	4.64
37	S	0	0.00072	0.000781	0.417	4.62
38	A	0	0.000676	0.000839	0.378	4.52
39	A	0	0.000706	0.00106	0.364	4.39
40	A	0	0.000726	0.00107	0.293	4.29
41	H	0	0.000767	0.00165	0.275	3.98
42	T	0	0.000778	0.00153	0.266	3.95
43	E	0	0.000799	0.00219	0.226	3.7
44	K	0	0.00079	0.00309	0.271	3.59
45	T	0	0.000795	0.00334	0.204	3.44
46	Q	0	0.000801	0.00639	0.258	3.27
47	I	0	0.0008	0.00559	0.216	3.21
48	R	0	0.000785	0.00987	0.251	3.03
49	P	0	0.00078	0.0107	0.27	2.91
50	A	0	0.000778	0.011	0.246	2.84
51	K	0	0.000774	0.0154	0.298	2.92
52	S	0	0.000787	0.0164	0.307	2.72
53	S	0	0.000771	0.0188	0.328	2.78
54	R	0	0.000739	0.0184	0.345	2.73
55	P	0	0.000736	0.0206	0.348	2.55
56	V	0	0.00078	0.023	0.364	2.94
57	F	0	0.000927	0.0267	0.359	2.9
58	D	0	0.00116	0.0291	0.38	3.01
59	W	0	0.00121	0.0308	0.364	3.2
60	K	0	0.0012	0.0347	0.39	2.98
61	D	0	0.00153	0.0372	0.394	2.29
62	P	0	0.00145	0.0341	0.348	2.25
63	L	0	0.00121	0.0335	0.337	1.54
64	I	0	0.0014	0.0345	0.406	1.55
65	L	0	0.00153	0.0404	0.431	1.31
66	E	0	0.00132	0.0363	0.422	1.87
67	E	0	0.00112	0.032	0.392	1.58
68	Q	0	0.00123	0.0354	0.379	1.24
69	L	0	0.0015	0.0391	0.374	1.79
70	T	0	0.00134	0.0328	0.305	2.39
71	A	0	0.00123	0.0279	0.302	3.02
72	D	0	0.0015	0.0304	0.308	3.2
73	E	0	0.00213	0.0412	0.364	2.57
74	K	0	0.00188	0.0365	0.381	2.8
75	L	0	0.00172	0.0297	0.355	3.48
76	I	0	0.00205	0.0375	0.375	3.25
77	R	0	0.00237	0.0417	0.412	2.89
78	D	0	0.00184	0.0314	0.398	3.5
79	T	0	0.00174	0.0269	0.382	3.97
80	F	0	0.00221	0.0356	0.406	3.59
81	R	0	0.00225	0.0339	0.417	3.57
82	N	0	0.00175	0.0234	0.399	4.31
83	Y	0	0.00191	0.025	0.402	4.34
84	C	0	0.00234	0.0322	0.418	3.9
85	Q	0	0.00182	0.024	0.41	4.39
86	E	0	0.00145	0.0162	0.399	5
87	R	0	0.00158	0.0191	0.404	4.84
88	L	0	0.00205	0.0278	0.416	4.29
89	M	0	0.00189	0.0245	0.41	4.51
90	S	0	0.00139	0.0155	0.403	5.18
91	R	0	0.00166	0.0199	0.407	4.88
92	I	0	0.00215	0.028	0.408	4.38
93	L	0	0.00177	0.0208	0.393	4.88
94	L	0	0.00169	0.0174	0.393	5.09
95	A	0	0.00241	0.0264	0.404	4.43
96	N	0	0.00254	0.0308	0.393	4.13
97	R	0	0.00168	0.0213	0.379	4.74
98	N	0	0.00149	0.0204	0.385	4.7
99	E	0	0.00205	0.0299	0.393	3.96
100	V	0	0.00191	0.0274	0.406	4.14
101	F	0	0.00196	0.0335	0.422	3.73
102	H	0	0.0015	0.0263	0.418	4.21
103	R	0	0.0015	0.0285	0.411	4.09
104	D	0	0.00152	0.0219	0.403	4.6
105	I	0	0.00191	0.0308	0.414	4.08
106	V	0	0.00237	0.0373	0.41	3.77
107	Y	0	0.00233	0.0269	0.388	4.44
108	E	0	0.00195	0.0245	0.39	4.54
109	M	0	0.00245	0.0364	0.399	3.87
110	G	0	0.00301	0.034	0.376	4.14
111	E	0	0.00179	0.0212	0.358	4.75
112	L	0	0.00177	0.0276	0.366	4.31
113	G	0	0.00217	0.0335	0.355	4
114	V	0	0.00237	0.0454	0.389	3.3
115	L	0	0.00287	0.0508	0.39	3.14
116	G	0	0.00294	0.0531	0.366	2.91
117	P	0	0.0027	0.0499	0.36	2.93
118	T	0	0.00231	0.0453	0.318	2.79
119	I	0	0.00214	0.0381	0.293	3.33
120	K	0	0.00158	0.0257	0.235	3.96
121	G	0	0.00137	0.02	0.229	4.56
122	Y	0	0.00169	0.0221	0.266	4.63
123	G	0	0.00167	0.0218	0.285	4.65
124	C	0	0.00235	0.033	0.308	3.97
125	A	0	0.00193	0.0324	0.303	3.82
126	G	0	0.00204	0.0325	0.271	3.55
127	V	0	0.00189	0.0388	0.301	3.03
128	S	0	0.00197	0.0411	0.3	2.42
129	S	0	0.00239	0.0484	0.323	1.82
130	V	0	0.00258	0.0508	0.374	1.56
131	A	0	0.00267	0.0519	0.39	2.15
132	Y	0	0.00282	0.0589	0.408	1.95
133	G	0	0.00318	0.0604	0.444	1.4
134	L	0	0.00288	0.0567	0.445	1.91
135	L	0	0.00292	0.0562	0.438	2.34
136	T	0	0.00351	0.0642	0.455	1.89
137	R	0	0.00381	0.0601	0.448	1.96
138	E	0	0.003	0.0512	0.439	2.67
139	L	0	0.00317	0.0543	0.441	2.74
140	E	0	0.00387	0.0597	0.433	2.48
141	R	0	0.00333	0.0501	0.421	2.95
142	V	0	0.0026	0.0426	0.421	3.43
143	D	0	0.00295	0.0513	0.42	3.07
144	S	0	0.00313	0.0596	0.421	2.41
145	G	0	0.00308	0.0585	0.427	2.57
146	Y	0	0.00276	0.0554	0.44	2.8
147	R	0	0.00321	0.0652	0.451	2.18
148	S	0	0.00284	0.0664	0.454	1.8
149	M	0	0.0028	0.0638	0.444	2.28
150	M	0	0.00286	0.0636	0.44	2.3
151	S	0	0.00307	0.069	0.443	1.64
152	V	0	0.00312	0.0688	0.424	1.73
153	Q	0	0.00321	0.064	0.407	2.4
154	S	0	0.00331	0.063	0.389	2.34
155	S	0	0.00314	0.0632	0.358	1.82
156	L	0	0.00304	0.0638	0.345	1.75
157	V	0	0.00308	0.0605	0.351	2.38
158	M	0	0.00297	0.0524	0.342	2.87
159	H	0	0.00274	0.0499	0.305	2.6
160	P	0	0.00264	0.046	0.269	2.69
161	I	0	0.00269	0.041	0.29	3.29
162	Y	0	0.00225	0.0351	0.272	3.51
163	T	0	0.00178	0.0316	0.221	3.37
164	Y	0	0.00223	0.0306	0.209	3.5
165	G	0	0.00245	0.0296	0.246	3.87
166	S	0	0.00172	0.0192	0.23	4.59
167	E	0	0.00142	0.0146	0.22	5.01
168	E	0	0.00144	0.0145	0.248	5.13
169	Q	0	0.00206	0.0246	0.28	4.41
170	R	0	0.00224	0.0254	0.276	4.36
171	Q	0	0.00165	0.0174	0.263	4.98
172	K	0	0.00154	0.0197	0.293	4.82
173	Y	0	0.00204	0.0307	0.321	4.17
174	L	0	0.0025	0.0339	0.32	4.02
175	P	0	0.00217	0.025	0.312	4.58
176	G	0	0.00227	0.0276	0.341	4.45
177	L	0	0.00291	0.0417	0.363	3.73
178	A	0	0.00295	0.039	0.354	3.88
179	K	0	0.00267	0.0294	0.356	4.4
180	G	0	0.00288	0.0368	0.383	4
181	E	0	0.0019	0.0269	0.368	4.48
182	L	0	0.00223	0.0374	0.375	3.9
183	L	0	0.00251	0.0478	0.396	3.27
184	G	0	0.003	0.0585	0.388	2.68
185	C	0	0.00311	0.0638	0.395	2.04
186	F	0	0.00278	0.0626	0.358	1.59
187	G	0	0.00272	0.0563	0.32	1.36
188	L	0	0.00221	0.0491	0.188	1.15
189	T	0	0.0022	0.0436	0.127	0.953
190	E	0	0.0023	0.0367	0.0979	1.09
191	P	0	0.00137	0.0276	0.129	1.47
192	N	0	0.00119	0.0221	0.0457	1.82
193	H	0	0.00189	0.0278	0.0259	1.62
194	G	0	0.00164	0.0318	0.0552	1.54
195	S	0	0.00136	0.027	0.0229	1.92
196	D	0	0.00147	0.0227	-0.00404	2.13
197	P	0	0.0018	0.0294	0.0135	1.69
198	G	0	0.00135	0.0205	-0.00393	2.38
199	G	0	0.0013	0.0185	-0.00798	2.35
200	M	0	0.0018	0.027	0.023	1.75
201	E	0	0.0015	0.0257	0.0344	1.63
202	T	0	0.00229	0.0341	0.109	1.63
203	R	0	0.00231	0.0307	0.114	2.22
204	A	0	0.00251	0.0312	0.154	2.74
205	R	0	0.00184	0.0231	0.143	3.23
206	H	0	0.00166	0.0183	0.157	3.89
207	N	0	0.00152	0.016	0.185	4.23
208	P	0	0.00113	0.01	0.176	4.94
209	S	0	0.000898	0.00923	0.206	5.14
210	N	0	0.0011	0.0123	0.238	4.95
211	Q	0	0.00144	0.014	0.224	4.88
212	S	0	0.00213	0.0219	0.233	4.17
213	Y	0	0.00238	0.0273	0.213	3.52
214	T	0	0.00234	0.0303	0.22	2.99
215	L	0	0.00261	0.0373	0.222	2.4
216	S	0	0.00229	0.0355	0.206	1.87
217	G	0	0.00216	0.0367	0.195	1.39
218	T	0	0.00219	0.0404	0.314	1.11
219	K	0	0.0027	0.0465	0.364	1.03
220	T	0	0.00243	0.0435	0.382	1.09
221	W	0	0.002	0.0461	0.375	1.29
222	I	0	0.00274	0.0571	0.426	1.22
223	T	0	0.00273	0.0621	0.426	1.69
224	N	0	0.00288	0.0593	0.422	2.3
225	S	0	0.00301	0.0572	0.416	2.13
226	P	0	0.0023	0.0455	0.415	2.65
227	V	0	0.00185	0.0399	0.41	3.15
228	A	0	0.00259	0.0484	0.402	2.93
229	D	0	0.0021	0.0423	0.382	3.42
230	L	0	0.00256	0.0498	0.366	3.06
231	F	0	0.00282	0.0565	0.355	2.43
232	I	0	0.00286	0.0561	0.313	2.27
233	V	0	0.00278	0.0523	0.268	1.97
234	W	0	0.0026	0.0458	0.18	1.95
235	A	0	0.00262	0.0389	0.14	2.14
236	R	0	0.00246	0.0286	0.0811	2.56
237	C	0	0.00215	0.0233	0.0907	3.17
238	E	0	0.00131	0.0151	0.0618	3.61
239	D	0	0.00109	0.0108	0.0359	4.06
240	N	0	0.00137	0.0138	0.0237	3.52
241	C	0	0.00176	0.0187	0.0453	3.43
242	I	0	0.00244	0.0292	0.0802	2.78
243	R	0	0.00236	0.0328	0.141	2.92
244	G	0	0.00259	0.0411	0.205	2.68
245	F	0	0.00262	0.0428	0.252	2.86
246	I	0	0.00239	0.044	0.3	3.08
247	L	0	0.00215	0.0447	0.326	2.98
248	E	0	0.00184	0.0396	0.35	3.39
249	K	0	0.00163	0.0383	0.373	3.38
250	G	0	0.00114	0.0299	0.37	3.61
251	M	0	0.00147	0.0331	0.349	3.38
252	R	0	0.00131	0.0305	0.349	3.16
253	G	0	0.00179	0.0356	0.352	2.48
254	L	0	0.00206	0.0421	0.369	2.39
255	S	0	0.00178	0.0416	0.401	2.23
256	A	0	0.00233	0.047	0.414	2.12
257	P	0	0.00174	0.04	0.412	2.26
258	R	0	0.00196	0.0401	0.404	2.53
259	I	0	0.00162	0.0365	0.379	2.44
260	E	0	0.00111	0.0296	0.364	3.14
261	G	0	0.000918	0.0256	0.338	3.53
262	K	0	0.0014	0.0342	0.345	3.19
263	F	0	0.00133	0.0314	0.331	3.59
264	S	0	0.00219	0.0419	0.347	3.04
265	L	0	0.00261	0.0493	0.388	2.76
266	R	0	0.00255	0.0406	0.389	3.34
267	A	0	0.00286	0.0413	0.411	3.45
268	S	0	0.0027	0.052	0.419	2.81
269	A	0	0.0024	0.0495	0.414	2.74
270	T	0	0.00271	0.0533	0.411	2.13
271	G	0	0.00295	0.0499	0.412	1.87
272	M	0	0.00279	0.0484	0.42	1.37
273	I	0	0.00269	0.0514	0.402	1.48
274	I	0	0.00229	0.0443	0.391	1.45
275	M	0	0.00247	0.043	0.326	1.78
276	D	0	0.00186	0.036	0.315	1.88
277	S	0	0.00193	0.0331	0.265	2.35
278	V	0	0.0023	0.0365	0.294	2.68
279	E	0	0.0019	0.0304	0.278	3.32
280	V	0	0.00203	0.032	0.274	3.51
281	P	0	0.00185	0.0241	0.267	4.19
282	E	0	0.00172	0.0217	0.236	4.39
283	E	0	0.00142	0.0206	0.257	4.58
284	N	0	0.002	0.0307	0.274	3.9
285	V	0	0.00223	0.0321	0.233	3.66
286	L	0	0.00237	0.0328	0.225	3.56
287	P	0	0.00162	0.021	0.182	4.15
288	N	0	0.00151	0.019	0.148	4.08
289	V	0	0.00169	0.0231	0.126	3.54
290	S	0	0.0017	0.022	0.0828	3.44
291	S	0	0.00188	0.0239	0.0494	3.05
292	L	0	0.00166	0.0276	0.0409	2.52
293	A	0	0.0016	0.0272	0.0549	2.75
294	G	0	0.00211	0.0362	0.128	2.51
295	P	0	0.00217	0.045	0.137	1.83
296	F	0	0.00201	0.0392	0.078	1.79
297	G	0	0.00202	0.0408	0.129	2.03
298	C	0	0.00264	0.052	0.218	1.68
299	L	0	0.00246	0.0529	0.173	1.1
300	N	0	0.0024	0.0483	0.132	1.22
301	T	0	0.00249	0.055	0.257	1.37
302	A	0	0.00293	0.0624	0.366	1.04
303	R	0	0.00283	0.0565	0.282	0.686
304	Y	0	0.00284	0.0573	0.307	0.769
305	G	0	0.00315	0.0638	0.449	1.02
306	I	0	0.00318	0.0615	0.433	0.853
307	T	0	0.00326	0.0563	0.348	0.809
308	W	0	0.00341	0.0601	0.438	1.05
309	G	0	0.00402	0.0625	0.438	1.57
310	V	0	0.0035	0.0573	0.379	1.84
311	L	0	0.00334	0.0551	0.377	1.93
312	G	0	0.00364	0.0553	0.415	2.36
313	A	0	0.00359	0.0527	0.391	2.75
314	A	0	0.00341	0.0485	0.355	2.82
315	E	0	0.00273	0.0465	0.38	2.96
316	F	0	0.00265	0.0406	0.389	3.5
317	C	0	0.00305	0.0392	0.36	3.77
318	L	0	0.00268	0.0362	0.351	3.77
319	H	0	0.00209	0.0309	0.375	4.06
320	T	0	0.0022	0.0268	0.369	4.59
321	A	0	0.00261	0.0262	0.346	4.76
322	R	0	0.00216	0.0239	0.349	4.76
323	Q	0	0.00183	0.0183	0.364	5.19
324	Y	0	0.00203	0.017	0.354	5.64
325	A	0	0.00239	0.0167	0.337	5.72
326	L	0	0.00184	0.0136	0.348	5.89
327	D	0	0.00143	0.00949	0.354	6.38
328	R	0	0.00159	0.00948	0.342	6.68
329	I	0	0.00152	0.00663	0.333	7.25
330	Q	0	0.00119	0.00537	0.317	7.55
331	F	0	0.000845	0.00311	0.305	8.06
332	G	0	0.000902	0.00331	0.319	8.09
333	V	0	0.0013	0.00592	0.32	7.36
334	P	0	0.00189	0.00934	0.329	6.7
335	L	0	0.002	0.0115	0.317	6.37
336	A	0	0.00198	0.0142	0.319	5.79
337	R	0	0.00138	0.01	0.307	6.25
338	N	0	0.00144	0.00857	0.285	6.3
339	Q	0	0.00126	0.00837	0.263	5.93
340	L	0	0.00134	0.00886	0.256	5.81
341	V	0	0.00192	0.0144	0.285	5.47
342	Q	0	0.00184	0.0157	0.286	5.08
343	K	0	0.00166	0.0137	0.253	4.87
344	K	0	0.00196	0.0189	0.267	4.6
345	L	0	0.00214	0.0245	0.299	4.25
346	A	0	0.0018	0.0225	0.273	3.94
347	D	0	0.00182	0.0218	0.244	3.77
348	M	0	0.00239	0.0325	0.285	3.42
349	L	0	0.00211	0.0344	0.304	3.08
350	T	0	0.00184	0.0297	0.25	2.84
351	E	0	0.00209	0.0337	0.238	2.59
352	I	0	0.0025	0.044	0.307	2.23
353	T	0	0.00211	0.0408	0.3	1.93
354	L	0	0.00188	0.0354	0.21	1.77
355	G	0	0.00246	0.044	0.246	1.47
356	L	0	0.00236	0.0488	0.354	1.12
357	H	0	0.00199	0.0416	0.268	0.805
358	A	0	0.00205	0.0387	0.12	0.922
359	C	0	0.00261	0.049	0.297	0.574
360	L	0	0.00229	0.0457	0.365	0.693
361	Q	0	0.00196	0.0368	0.107	0.832
362	L	0	0.00236	0.0401	0.106	0.97
363	G	0	0.00263	0.0449	0.246	1.16
364	R	0	0.00199	0.035	0.167	1.51
365	L	0	0.00211	0.0298	0.0736	1.8
366	K	0	0.00222	0.0352	0.138	1.86
367	D	0	0.0017	0.0301	0.161	2.28
368	Q	0	0.00136	0.0213	0.0589	2.64
369	D	0	0.00127	0.021	0.0505	2.78
370	K	0	0.00136	0.0197	0.00512	2.58
371	A	0	0.00179	0.0281	0.0392	2.01
372	T	0	0.00146	0.0241	0.00463	2.24
373	P	0	0.0017	0.0287	0.0134	1.95
374	E	0	0.0019	0.023	-0.01	2.19
375	M	0	0.00198	0.0286	0.0061	1.73
376	V	0	0.00252	0.0391	0.047	1.18
377	S	0	0.00255	0.0336	0.0276	1.59
378	M	0	0.00224	0.0294	0.0342	1.85
379	L	0	0.00264	0.0401	0.0978	1.31
380	K	0	0.00296	0.0454	0.143	1.21
381	R	0	0.00262	0.0349	0.111	1.9
382	N	0	0.00232	0.0332	0.139	2.06
383	N	0	0.00296	0.0452	0.229	1.76
384	C	0	0.00299	0.0457	0.246	1.95
385	G	0	0.00236	0.0322	0.2	2.6
386	K	0	0.00248	0.0343	0.227	2.71
387	A	0	0.00324	0.0445	0.292	2.61
388	L	0	0.00287	0.0377	0.272	3.02
389	D	0	0.00225	0.0269	0.246	3.55
390	I	0	0.00288	0.0346	0.286	3.51
391	A	0	0.00323	0.0369	0.315	3.67
392	R	0	0.0024	0.0258	0.28	4.18
393	Q	0	0.00229	0.0228	0.278	4.48
394	A	0	0.00288	0.0278	0.317	4.49
395	R	0	0.00268	0.0239	0.315	4.83
396	D	0	0.00195	0.0166	0.288	5.33
397	I	0	0.00207	0.0183	0.307	5.44
398	L	0	0.00218	0.0182	0.329	5.67
399	G	0	0.0016	0.0125	0.309	6.14
400	G	0	0.00121	0.0102	0.315	6.43
401	N	0	0.00156	0.013	0.338	6.14
402	G	0	0.00235	0.0194	0.332	5.46
403	I	0	0.00161	0.0174	0.326	5.46
404	S	0	0.0016	0.0158	0.347	5.6
405	D	0	0.00183	0.0205	0.364	5.09
406	E	0	0.00133	0.0144	0.371	5.57
407	Y	0	0.00171	0.0194	0.368	5.28
408	H	0	0.00216	0.0272	0.377	4.59
409	V	0	0.0027	0.0326	0.359	4.33
410	I	0	0.00252	0.0295	0.343	4.42
411	R	0	0.0025	0.0358	0.366	3.96
412	H	0	0.00295	0.0442	0.367	3.43
413	A	0	0.00289	0.0385	0.325	3.6
414	M	0	0.00238	0.0374	0.325	3.52
415	N	0	0.00293	0.0475	0.355	2.89
416	L	0	0.00292	0.0469	0.323	2.61
417	E	0	0.00215	0.0367	0.274	2.82
418	A	0	0.00216	0.0429	0.297	2.24
419	V	0	0.00246	0.0498	0.316	1.8
420	N	0	0.00243	0.0413	0.227	2.07
421	T	0	0.00199	0.0368	0.193	1.99
422	Y	0	0.00182	0.0451	0.231	1.35
423	E	0	0.00172	0.0482	0.158	0.931
424	G	0	0.00188	0.038	0.07	1.47
425	T	0	0.00207	0.0308	0.0979	2.05
426	H	0	0.00203	0.0261	0.0978	2.39
427	D	0	0.00167	0.0169	0.0511	2.88
428	I	0	0.00193	0.0218	0.0211	2.5
429	H	0	0.00237	0.0255	0.022	2.25
430	A	0	0.00197	0.0165	0.0147	2.92
431	L	0	0.00199	0.0139	-0.0157	3.21
432	I	0	0.00201	0.0172	-0.0269	2.81
433	L	0	0.002	0.0153	-0.0273	2.99
434	G	0	0.00181	0.0102	-0.039	3.69
435	R	0	0.00197	0.00982	-0.0597	3.79
436	A	0	0.00154	0.00984	-0.0647	3.55
437	I	0	0.00124	0.008	-0.0672	3.95
438	T	0	0.00121	0.00561	-0.0799	4.58
439	G	0	0.00114	0.00507	-0.091	4.58
440	I	0	0.00119	0.00536	-0.0795	4.67
441	Q	0	0.00126	0.00739	-0.063	4.19
442	A	0	0.00118	0.00735	-0.0436	4.15
443	F	0	0.00107	0.00969	-0.0311	3.6
444	T	0	0.000911	0.00652	-0.0398	4.05
445	V	0	0.000747	0.00353	-0.048	4.76
446	G	0	0.000614	0.00214	-0.0652	5.16
447	K	0	0.000498	0.00191	-0.0713	4.85
