# Ridge regression of type C
# slope=-0.00373 corr.=0.832 (Bfact)
# Internal_fluct= -0.027 Translation_fluct= 0.923 Rotation_fluct= 0.104
# aa_pos_chain pred_msd_int pred_msd_all B/(8pi^2/3)
M1A	858.4	  1.544	  1.323
V2A	774.9	  1.555	  1.254
P3A	719.3	  1.563	  1.537
A4A	658.6	  1.566	  1.148
M5A	596.7	  1.549	  1.105
L6A	547.3	  1.576	  1.097
T7A	495.7	  1.564	  1.123
G8A	453.1	  1.596	  0.991
Y9A	402.4	  1.605	  1.021
M10A	368.8	  1.631	  1.076
S11A	322.6	  1.636	  1.037
L12A	292	  1.650	  1.082
R13A	253.4	  1.641	  1.094
G14A	228.3	  1.625	  1.004
V15A	210.2	  1.599	  1.121
S16A	181	  1.568	  1.109
A17A	173.1	  1.521	  1.170
R18A	146.1	  1.464	  1.181
L19A	141.8	  1.396	  1.139
L20A	120.6	  1.319	  1.158
S21A	108.1	  1.259	  1.159
R22A	88.09	  1.208	  1.185
R23A	80.77	  1.125	  1.219
S24A	64.92	  1.094	  1.227
G25A	56	  1.034	  1.150
L26A	45.98	  1.015	  1.115
R27A	38.99	  1.005	  1.197
F28A	31.29	  1.025	  1.078
P29A	27.64	  1.025	  1.537
R30A	25.12	  1.038	  1.081
F31A	20.29	  1.152	  1.113
P32A	19.04	  1.224	  1.778
R33A	19.12	  1.313	  1.178
T34A	18.83	  1.474	  1.232
W35A	18.62	  1.659	  1.122
S36A	19.31	  1.840	  1.137
S37A	18.94	  1.982	  1.255
A38A	19.09	  2.095	  1.673
A39A	17.09	  2.162	  1.376
A40A	17.56	  2.258	  1.483
H41A	13.78	  2.184	  1.313
T42A	14.35	  2.320	  1.513
E43A	11.75	  2.246	  1.429
K44A	10.15	  2.320	  1.478
T45A	9.604	  2.311	  1.573
Q46A	7.323	  2.318	  1.687
I47A	7.803	  2.411	  1.883
R48A	6.046	  2.381	  1.870
P49A	5.971	  2.542	  1.833
A50A	5.858	  2.508	  2.225
K51A	5.46	  2.550	  2.102
S52A	5.275	  2.709	  2.154
S53A	5.211	  2.692	  2.916
R54A	5.437	  2.897	  3.209
P55A	5.021	  2.914	  3.363
V56A	5.591	  2.903	  3.553
F57A	5.202	  3.046	  3.686
D58A	5.247	  2.970	  3.724
W59A	5.402	  3.136	  3.738
K60A	4.743	  3.016	  3.733
D61A	3.484	  2.997	  3.738
P62A	3.498	  3.139	  3.736
L63A	2.573	  3.111	  3.738
I64A	2.711	  2.947	  3.724
L65A	2.12	  2.971	  3.743
E66A	2.98	  2.870	  3.731
E67A	2.941	  2.878	  3.726
Q68A	2.227	  2.977	  3.745
L69A	2.679	  2.976	  3.752
T70A	3.784	  3.039	  3.752
A71A	5.243	  3.030	  3.743
D72A	5.3	  3.151	  3.731
E73A	3.669	  3.065	  3.755
K74A	4.335	  2.956	  3.752
L75A	5.942	  3.042	  3.745
I76A	5.01	  3.118	  3.747
R77A	4.124	  3.006	  3.752
D78A	5.783	  2.948	  3.755
T79A	7.029	  3.074	  3.747
F80A	5.658	  3.099	  3.755
R81A	5.666	  2.996	  3.755
N82A	7.969	  3.007	  3.747
Y83A	7.877	  3.136	  3.752
C84A	6.399	  3.096	  3.755
Q85A	8.045	  3.037	  3.731
E86A	10.26	  3.101	  3.707
R87A	9.498	  3.220	  3.724
L88A	7.523	  3.202	  3.747
M89A	8.297	  3.159	  3.740
S90A	10.8	  3.221	  3.683
R91A	9.573	  3.315	  3.733
I92A	7.788	  3.306	  3.755
L93A	9.608	  3.392	  3.752
L94A	10.46	  3.480	  3.752
A95A	8.036	  3.444	  3.755
N96A	7.052	  3.469	  3.757
R97A	9.194	  3.596	  3.752
N98A	9.177	  3.628	  3.752
E99A	6.709	  3.568	  3.750
V100A	7.196	  3.534	  3.747
F101A	5.85	  3.487	  3.738
H102A	7.25	  3.515	  3.731
R103A	6.838	  3.613	  3.705
D104A	8.5	  3.622	  3.719
I105A	6.759	  3.444	  3.740
V106A	5.763	  3.527	  3.738
Y107A	7.894	  3.688	  3.731
E108A	8.293	  3.536	  3.747
M109A	6.122	  3.435	  3.747
G110A	6.889	  3.636	  3.740
E111A	9.111	  3.710	  3.728
L112A	7.672	  3.489	  3.728
G113A	6.612	  3.563	  3.728
V114A	4.603	  3.376	  3.747
L115A	4.054	  3.469	  3.755
G116A	3.487	  3.503	  3.745
P117A	3.666	  3.421	  3.740
T118A	3.38	  3.449	  3.743
I119A	4.561	  3.649	  3.752
K120A	6.445	  3.841	  3.736
G121A	8.368	  4.096	  3.736
Y122A	8.458	  4.169	  3.743
G123A	8.658	  4.065	  3.702
C124A	6.399	  3.774	  3.747
A125A	6.15	  3.624	  3.721
G126A	5.416	  3.608	  3.728
V127A	4.217	  3.395	  3.743
S128A	2.977	  3.286	  3.747
S129A	1.831	  3.241	  3.752
V130A	1.658	  3.138	  3.757
A131A	2.491	  3.142	  3.757
Y132A	1.934	  3.189	  3.757
G133A	1.277	  3.129	  3.757
L134A	2.079	  3.056	  3.759
L135A	2.644	  3.111	  3.759
T136A	1.807	  3.139	  3.759
R137A	2.038	  3.090	  3.759
E138A	3.339	  3.046	  3.759
L139A	3.331	  3.124	  3.757
E140A	2.785	  3.170	  3.759
R141A	3.861	  3.122	  3.759
V142A	4.961	  3.152	  3.759
D143A	4.022	  3.240	  3.759
S144A	2.612	  3.284	  3.759
G145A	2.945	  3.326	  3.755
Y146A	3.371	  3.272	  3.757
R147A	2.173	  3.233	  3.757
S148A	1.606	  3.306	  3.750
M149A	2.319	  3.352	  3.750
M150A	2.312	  3.316	  3.750
S151A	1.269	  3.306	  3.740
V152A	1.386	  3.392	  3.755
Q153A	2.411	  3.469	  3.757
S154A	2.271	  3.431	  3.755
S155A	1.42	  3.395	  3.743
L156A	1.319	  3.450	  3.752
V157A	2.321	  3.575	  3.759
M158A	3.289	  3.644	  3.757
H159A	2.723	  3.573	  3.752
P160A	2.891	  3.644	  3.752
I161A	4.254	  3.829	  3.757
Y162A	4.85	  3.840	  3.755
T163A	4.504	  3.771	  3.738
Y164A	4.828	  3.841	  3.750
G165A	5.855	  4.023	  3.747
S166A	8.173	  4.318	  3.752
E167A	9.696	  4.508	  3.747
E168A	10.17	  4.652	  3.747
Q169A	7.546	  4.312	  3.755
R170A	7.379	  4.217	  3.755
Q171A	9.604	  4.504	  3.750
K172A	9.024	  4.489	  3.750
Y173A	6.794	  4.157	  3.757
L174A	6.334	  4.010	  3.757
P175A	8.215	  4.163	  3.752
G176A	7.784	  4.112	  3.752
L177A	5.527	  3.831	  3.757
A178A	5.99	  3.777	  3.755
K179A	7.681	  3.870	  3.750
G180A	6.388	  3.749	  3.745
E181A	7.958	  4.002	  3.745
L182A	6.086	  3.915	  3.752
L183A	4.384	  3.701	  3.757
G184A	3.036	  3.637	  3.757
C185A	1.944	  3.551	  3.759
F186A	1.278	  3.517	  3.757
G187A	1.186	  3.550	  3.747
L188A	1.023	  3.524	  3.733
T189A	1.018	  3.548	  3.681
E190A	1.417	  3.616	  3.736
P191A	2.01	  3.711	  3.608
N192A	2.588	  3.766	  3.517
H193A	2.065	  3.680	  3.529
G194A	1.679	  3.651	  3.460
S195A	2.127	  3.696	  3.422
D196A	2.622	  3.695	  3.510
P197A	1.973	  3.598	  3.344
G198A	3.127	  3.642	  3.453
G199A	3.376	  3.691	  3.553
M200A	2.43	  3.635	  3.695
E201A	2.61	  3.667	  3.724
T202A	2.255	  3.663	  3.747
R203A	3.203	  3.726	  3.745
A204A	3.972	  3.828	  3.747
R205A	5.355	  3.941	  3.736
H206A	6.949	  4.117	  3.724
N207A	8.156	  4.334	  3.662
P208A	10.54	  4.555	  3.541
S209A	11.48	  4.791	  3.614
N210A	10.52	  4.801	  3.553
Q211A	9.934	  4.649	  3.664
S212A	7.53	  4.382	  3.721
Y213A	5.713	  4.117	  3.747
T214A	4.669	  4.024	  3.747
L215A	3.333	  3.858	  3.755
S216A	2.746	  3.785	  3.755
G217A	2.066	  3.701	  3.745
T218A	1.653	  3.663	  3.752
K219A	1.28	  3.598	  3.752
T220A	1.38	  3.593	  3.740
W221A	1.426	  3.549	  3.736
I222A	1.272	  3.505	  3.752
T223A	1.652	  3.455	  3.752
N224A	2.541	  3.511	  3.750
S225A	2.421	  3.596	  3.755
P226A	3.546	  3.667	  3.752
V227A	4.446	  3.694	  3.745
A228A	3.786	  3.713	  3.752
D229A	4.927	  3.903	  3.755
L230A	3.935	  3.846	  3.752
F231A	2.673	  3.725	  3.759
I232A	2.271	  3.668	  3.757
V233A	1.947	  3.650	  3.757
W234A	1.995	  3.618	  3.755
A235A	2.575	  3.668	  3.747
R236A	3.544	  3.688	  3.743
C237A	4.913	  3.789	  3.717
E238A	6.37	  3.833	  3.655
D239A	7.455	  3.842	  3.626
N240A	5.917	  3.740	  3.579
C241A	5.318	  3.733	  3.664
I242A	3.666	  3.671	  3.724
R243A	3.795	  3.741	  3.745
G244A	3.118	  3.729	  3.747
F245A	3.542	  3.842	  3.757
I246A	3.964	  3.920	  3.757
L247A	3.914	  3.951	  3.757
E248A	4.938	  4.068	  3.752
K249A	5.068	  4.044	  3.731
G250A	5.96	  4.219	  3.724
M251A	5.347	  4.209	  3.750
R252A	5.191	  4.226	  3.747
G253A	3.859	  4.026	  3.743
L254A	3.362	  3.916	  3.757
S255A	3.206	  3.838	  3.750
A256A	2.845	  3.724	  3.752
P257A	3.315	  3.728	  3.745
R258A	3.605	  3.668	  3.747
I259A	3.422	  3.669	  3.747
E260A	4.945	  3.742	  3.738
G261A	5.868	  3.825	  3.731
K262A	4.712	  3.703	  3.750
F263A	5.622	  3.758	  3.750
S264A	4.095	  3.599	  3.755
L265A	3.413	  3.453	  3.750
R266A	4.853	  3.504	  3.755
A267A	5.074	  3.415	  3.747
S268A	3.544	  3.418	  3.740
A269A	3.505	  3.500	  3.738
T270A	2.484	  3.521	  3.755
G271A	2.323	  3.591	  3.750
M272A	1.838	  3.621	  3.755
I273A	1.813	  3.656	  3.757
I274A	2.093	  3.728	  3.755
M275A	2.452	  3.796	  3.757
D276A	2.982	  3.885	  3.747
S277A	3.686	  3.966	  3.733
V278A	3.942	  4.019	  3.755
E279A	5.304	  4.201	  3.750
V280A	5.472	  4.187	  3.747
P281A	7.353	  4.419	  3.733
E282A	7.888	  4.391	  3.719
E283A	8.347	  4.476	  3.731
N284A	6.145	  4.207	  3.747
V285A	5.49	  4.050	  3.747
L286A	5.082	  3.947	  3.747
P287A	6.822	  4.079	  3.724
N288A	6.554	  3.977	  3.707
V289A	5.068	  3.795	  3.660
S290A	4.935	  3.744	  3.477
S291A	4.123	  3.656	  3.624
L292A	2.962	  3.582	  3.538
A293A	3.26	  3.583	  3.576
G294A	2.708	  3.582	  3.631
P295A	1.61	  3.508	  3.617
F296A	1.587	  3.482	  3.589
G297A	1.843	  3.475	  3.574
C298A	1.27	  3.441	  3.695
L299A	0.7179	  3.400	  3.662
N300A	0.8693	  3.382	  3.652
T301A	0.936	  3.344	  3.652
A302A	0.5978	  3.316	  3.726
R303A	0.4313	  3.327	  3.752
Y304A	0.5266	  3.272	  3.755
G305A	0.7135	  3.220	  3.750
I306A	0.6702	  3.263	  3.757
T307A	0.6704	  3.277	  3.757
W308A	0.9607	  3.174	  3.759
G309A	1.401	  3.181	  3.759
V310A	1.727	  3.280	  3.759
L311A	1.989	  3.232	  3.759
G312A	2.706	  3.137	  3.759
A313A	3.385	  3.251	  3.759
A314A	3.577	  3.349	  3.759
E315A	4.045	  3.209	  3.762
F316A	5.284	  3.206	  3.759
C317A	5.984	  3.407	  3.759
L318A	6.147	  3.408	  3.759
H319A	7.094	  3.237	  3.759
T320A	8.726	  3.353	  3.759
A321A	9.329	  3.588	  3.759
R322A	9.537	  3.491	  3.757
Q323A	11.2	  3.360	  3.759
Y324A	12.91	  3.587	  3.757
A325A	13.36	  3.789	  3.755
L326A	14.32	  3.606	  3.757
D327A	16.57	  3.586	  3.752
R328A	17.89	  3.907	  3.745
I329A	21.04	  4.188	  3.747
Q330A	22.65	  4.622	  3.726
F331A	25.88	  5.011	  3.726
G332A	26.22	  4.686	  3.733
V333A	21.91	  4.397	  3.747
P334A	18.24	  4.072	  3.755
L335A	16.4	  4.214	  3.755
A336A	13.88	  3.992	  3.747
R337A	16.15	  4.261	  3.747
N338A	16.23	  4.591	  3.750
Q339A	14.51	  4.677	  3.752
L340A	13.73	  4.705	  3.752
V341A	12.26	  4.287	  3.755
Q342A	10.87	  4.125	  3.757
K343A	9.972	  4.304	  3.757
K344A	8.814	  4.123	  3.757
L345A	7.777	  3.793	  3.757
A346A	6.938	  3.839	  3.759
D347A	6.223	  3.941	  3.759
M348A	5.188	  3.671	  3.759
L349A	4.559	  3.485	  3.759
T350A	4.034	  3.612	  3.759
E351A	3.284	  3.602	  3.759
I352A	2.656	  3.363	  3.759
T353A	2.421	  3.300	  3.759
L354A	2.091	  3.426	  3.759
G355A	1.518	  3.351	  3.759
L356A	1.328	  3.183	  3.759
H357A	1.274	  3.206	  3.757
A358A	1.138	  3.310	  3.757
C359A	0.8074	  3.217	  3.757
L360A	1.054	  3.143	  3.759
Q361A	1.24	  3.234	  3.759
L362A	1.079	  3.274	  3.757
G363A	1.205	  3.210	  3.755
R364A	1.816	  3.231	  3.752
L365A	2.067	  3.326	  3.755
K366A	1.942	  3.333	  3.743
D367A	2.742	  3.353	  3.738
Q368A	3.533	  3.427	  3.743
D369A	3.597	  3.482	  3.709
K370A	3.26	  3.461	  3.743
A371A	2.129	  3.406	  3.731
T372A	2.408	  3.479	  3.728
P373A	1.873	  3.481	  3.721
E374A	2.29	  3.573	  3.747
M375A	1.663	  3.480	  3.755
V376A	0.9738	  3.404	  3.752
S377A	1.369	  3.524	  3.752
M378A	1.758	  3.592	  3.757
L379A	1.098	  3.449	  3.757
K380A	0.9063	  3.441	  3.755
R381A	1.734	  3.626	  3.757
N382A	2.052	  3.642	  3.759
N383A	1.607	  3.473	  3.759
C384A	1.811	  3.523	  3.759
G385A	2.959	  3.752	  3.757
K386A	3.261	  3.710	  3.759
A387A	3.032	  3.537	  3.759
L388A	3.894	  3.707	  3.759
D389A	5.242	  3.922	  3.759
I390A	5.199	  3.735	  3.759
A391A	5.603	  3.679	  3.759
R392A	7.132	  3.975	  3.759
Q393A	8.178	  4.058	  3.759
A394A	8.237	  3.814	  3.759
R395A	9.399	  3.946	  3.755
D396A	11.37	  4.264	  3.750
I397A	11.89	  4.124	  3.755
L398A	12.82	  4.000	  3.755
G399A	14.95	  4.347	  3.740
G400A	16.34	  4.368	  3.740
N401A	14.93	  4.018	  3.747
G402A	11.9	  3.952	  3.745
I403A	11.92	  4.025	  3.743
S404A	12.53	  3.837	  3.750
D405A	10.4	  3.617	  3.736
E406A	12.36	  3.534	  3.726
Y407A	11.17	  3.529	  3.740
H408A	8.5	  3.440	  3.752
V409A	7.638	  3.552	  3.757
I410A	7.929	  3.708	  3.757
R411A	6.442	  3.533	  3.757
H412A	4.926	  3.459	  3.759
A413A	5.36	  3.666	  3.757
M414A	5.199	  3.689	  3.759
N415A	3.625	  3.505	  3.759
L416A	2.994	  3.537	  3.759
E417A	3.473	  3.713	  3.755
A418A	2.376	  3.586	  3.745
V419A	1.604	  3.470	  3.745
N420A	1.988	  3.614	  3.745
T421A	1.928	  3.658	  3.679
Y422A	1.089	  3.518	  3.524
E423A	0.6599	  3.455	  3.420
G424A	1.227	  3.571	  3.543
T425A	2.025	  3.718	  3.705
H426A	2.575	  3.806	  3.736
D427A	3.656	  3.985	  3.738
I428A	2.892	  3.825	  3.731
H429A	2.352	  3.731	  3.745
A430A	3.732	  3.955	  3.750
L431A	4.487	  3.996	  3.733
I432A	3.505	  3.797	  3.724
L433A	3.92	  3.870	  3.750
G434A	5.757	  4.115	  3.750
R435A	6.063	  4.022	  3.736
A436A	5.4	  3.905	  3.733
I437A	6.619	  4.107	  3.745
T438A	8.695	  4.297	  3.731
G439A	8.72	  4.151	  3.690
I440A	9.113	  4.249	  3.683
Q441A	7.504	  4.120	  3.660
A442A	7.403	  4.244	  3.674
F443A	5.821	  4.065	  3.548
T444A	7.469	  4.179	  3.515
V445A	10.15	  4.435	  3.384
G446A	12.19	  4.427	  2.603
K447A	11.38	  4.196	  2.064
