# mean= 1.79 s.d.= 3.71 thr=0.92 9.2 SIGMA= 2
#Residue names written in A0A0A0MQ68-AFv4A_MIN4.5_ALL_PHIPSIPSI.names.dat
#resi resj coupling
0 1 141
0 2 136
0 3 130
0 4 124
0 5 119
0 6 112
0 7 108
0 8 100
0 9 96.3
0 10 89.3
0 11 84.8
0 12 78.2
0 13 73.7
0 14 70.1
0 15 64.4
0 16 62.1
0 17 56.3
0 18 54.2
0 19 48.9
0 20 45.3
0 21 40
0 22 36.9
0 23 31.9
0 24 28.2
0 25 23.6
0 26 19.9
0 27 16.1
0 28 13.6
0 29 12.1
0 30 10.4
0 31 12.3
0 32 15
0 33 16.2
0 34 16.8
0 35 17.5
0 36 17.1
0 37 16.5
0 38 15.9
0 39 15.3
0 40 14.2
0 41 13.9
0 42 13
0 43 12.6
0 44 12
0 45 11.4
0 46 11
0 47 10.5
0 48 9.9
0 49 9.65
0 50 10
0 52 9.45
0 53 9.28
0 55 10
0 56 10
0 57 10.4
0 58 11.3
0 59 10.5
0 70 10.6
0 71 11.4
0 73 9.76
0 74 12.3
0 75 11.6
0 76 10.2
0 77 12.4
0 78 14.2
0 79 12.9
0 80 12.8
0 81 15.5
0 82 15.7
0 83 14.2
0 84 15.9
0 85 18.2
0 86 17.7
0 87 15.8
0 88 16.6
0 89 19.1
0 90 18.1
0 91 16.3
0 92 18.2
0 93 19.1
0 94 16.6
0 95 15.6
0 96 17.9
0 97 17.8
0 98 15.1
0 99 15.6
0 100 14
0 101 15.7
0 102 15.2
0 103 17
0 104 15.1
0 105 13.9
0 106 16.3
0 107 16.6
0 108 14.1
0 109 15.1
0 110 17.4
0 111 15.7
0 112 14.6
0 113 12
0 114 11.4
0 115 10.6
0 116 10.6
0 117 10.1
0 118 12.1
0 119 14.5
0 120 16.7
0 121 16.9
0 122 17
0 123 14.5
0 124 13.9
0 125 12.9
0 126 10.9
0 137 9.53
0 138 9.89
0 140 10.7
0 141 12.5
0 142 11.4
0 144 9.61
0 145 10.3
0 157 10.5
0 158 9.48
0 159 9.78
0 160 12
0 161 12.8
0 162 12.3
0 163 12.8
0 164 14.1
0 165 16.8
0 166 18.3
0 167 18.8
0 168 16.1
0 169 15.9
0 170 18.2
0 171 17.7
0 172 15.3
0 173 14.7
0 174 16.8
0 175 16.3
0 176 13.7
0 177 14.2
0 178 16.1
0 179 14.7
0 180 16.5
0 181 14.4
0 182 12
0 183 9.88
0 203 9.72
0 204 11.5
0 205 13.9
0 206 15.2
0 207 17.8
0 208 18.5
0 209 17.9
0 210 17.6
0 211 15.1
0 212 12.7
0 213 10.8
0 225 10
0 226 11.8
0 227 10.9
0 228 12.7
0 229 11.3
0 236 11.2
0 237 12.7
0 238 14.4
0 239 12.5
0 240 12.2
0 241 9.88
0 242 10.5
0 243 9.67
0 244 10.4
0 245 11.2
0 246 10.9
0 247 12.5
0 248 12.5
0 249 13.4
0 250 12.5
0 251 11.7
0 252 9.21
0 257 9.89
0 258 9.7
0 259 12.3
0 260 13.8
0 261 12.4
0 262 13.8
0 263 11.7
0 264 10.5
0 265 12.7
0 266 13
0 267 10.6
0 268 10.4
0 277 9.81
0 278 12.1
0 279 12.8
0 280 15.2
0 281 15.9
0 282 16.7
0 283 14.2
0 284 13.3
0 285 12.9
0 286 15.1
0 287 14.9
0 288 12.9
0 289 12.4
0 290 11
0 292 9.97
0 312 10.1
0 313 10.4
0 314 10.7
0 315 12.7
0 316 13.9
0 317 13.8
0 318 14.7
0 319 16.8
0 320 17.5
0 321 17.4
0 322 18.9
0 323 20.7
0 324 21
0 325 21.5
0 326 23.3
0 327 24.6
0 328 26.7
0 329 27.9
0 330 29.7
0 331 29.8
0 332 27
0 333 24.5
0 334 23.4
0 335 21.2
0 336 22.9
0 337 23.2
0 338 21.9
0 339 21.5
0 340 20.2
0 341 18.7
0 342 18
0 343 17
0 344 15.6
0 345 14.5
0 346 14
0 347 12.6
0 348 11.2
0 349 10.5
0 350 9.66
0 367 9.89
0 368 10.4
0 369 9.81
0 384 9.96
0 385 10.3
0 386 9.78
0 387 11.4
0 388 13.4
0 389 13.1
0 390 13.7
0 391 15.7
0 392 16.7
0 393 16.7
0 394 18
0 395 19.9
0 396 20.2
0 397 21
0 398 22.9
0 399 24
0 400 22.9
0 401 20.4
0 402 20.5
0 403 21
0 404 19
0 405 20.7
0 406 19.6
0 407 17
0 408 16.1
0 409 16.6
0 410 14.9
0 411 12.8
0 412 13.5
0 413 13.4
0 414 11
0 415 9.94
0 416 10.8
0 425 9.26
0 426 11.1
0 427 9.58
0 429 11.2
0 430 12.2
0 431 10.7
0 432 11.5
0 433 14
0 434 14.3
0 435 13.5
0 436 15.1
0 437 17.4
0 438 17.3
0 439 17.6
0 440 15.7
0 441 15.6
0 442 13.5
0 443 15
0 444 17.7
0 445 19.1
0 446 17.9
1 2 130
1 3 124
1 4 118
1 5 113
1 6 107
1 7 103
1 8 96.3
1 9 92.3
1 10 85.6
1 11 81.3
1 12 75
1 13 70.7
1 14 67.2
1 15 61.8
1 16 59.5
1 17 54
1 18 52
1 19 46.9
1 20 43.4
1 21 38.3
1 22 35.4
1 23 30.6
1 24 27
1 25 22.5
1 26 19
1 27 15.3
1 28 13
1 29 11.6
1 30 9.94
1 31 11.8
1 32 14.3
1 33 15.5
1 34 16
1 35 16.6
1 36 16.3
1 37 15.7
1 38 15.1
1 39 14.6
1 40 13.6
1 41 13.2
1 42 12.4
1 43 12
1 44 11.4
1 45 10.9
1 46 10.5
1 47 10
1 48 9.46
1 49 9.21
1 50 9.57
1 55 9.61
1 56 9.61
1 57 9.97
1 58 10.8
1 59 10
1 70 10.1
1 71 10.9
1 73 9.34
1 74 11.8
1 75 11.1
1 76 9.76
1 77 11.9
1 78 13.6
1 79 12.3
1 80 12.2
1 81 14.8
1 82 15.1
1 83 13.5
1 84 15.2
1 85 17.4
1 86 16.9
1 87 15.1
1 88 15.8
1 89 18.3
1 90 17.3
1 91 15.5
1 92 17.4
1 93 18.2
1 94 15.9
1 95 14.8
1 96 17.1
1 97 17
1 98 14.4
1 99 14.9
1 100 13.4
1 101 15
1 102 14.5
1 103 16.3
1 104 14.4
1 105 13.3
1 106 15.6
1 107 15.9
1 108 13.5
1 109 14.5
1 110 16.6
1 111 15
1 112 13.9
1 113 11.4
1 114 10.9
1 115 10.1
1 116 10.1
1 117 9.67
1 118 11.6
1 119 13.8
1 120 16
1 121 16.2
1 122 16.3
1 123 13.8
1 124 13.3
1 125 12.4
1 126 10.5
1 138 9.46
1 140 10.2
1 141 12
1 142 10.8
1 145 9.86
1 157 10
1 159 9.36
1 160 11.5
1 161 12.3
1 162 11.8
1 163 12.2
1 164 13.5
1 165 16
1 166 17.5
1 167 18
1 168 15.4
1 169 15.3
1 170 17.4
1 171 16.9
1 172 14.6
1 173 14.1
1 174 16
1 175 15.6
1 176 13.1
1 177 13.6
1 178 15.4
1 179 14.1
1 180 15.8
1 181 13.7
1 182 11.5
1 183 9.45
1 203 9.31
1 204 11
1 205 13.3
1 206 14.5
1 207 17
1 208 17.7
1 209 17.2
1 210 16.9
1 211 14.4
1 212 12.1
1 213 10.3
1 225 9.59
1 226 11.3
1 227 10.4
1 228 12.1
1 229 10.8
1 236 10.7
1 237 12.2
1 238 13.8
1 239 11.9
1 240 11.7
1 241 9.45
1 242 10
1 243 9.26
1 244 9.94
1 245 10.8
1 246 10.5
1 247 12
1 248 12
1 249 12.9
1 250 11.9
1 251 11.2
1 257 9.42
1 258 9.23
1 259 11.7
1 260 13.1
1 261 11.8
1 262 13.2
1 263 11.1
1 264 10
1 265 12.1
1 266 12.4
1 267 10.1
1 268 9.91
1 277 9.4
1 278 11.6
1 279 12.2
1 280 14.6
1 281 15.2
1 282 16
1 283 13.6
1 284 12.7
1 285 12.4
1 286 14.4
1 287 14.2
1 288 12.3
1 289 11.9
1 290 10.5
1 292 9.53
1 312 9.64
1 313 9.9
1 314 10.2
1 315 12.2
1 316 13.2
1 317 13.2
1 318 14.1
1 319 16
1 320 16.7
1 321 16.6
1 322 18.1
1 323 19.8
1 324 20.1
1 325 20.5
1 326 22.3
1 327 23.5
1 328 25.5
1 329 26.6
1 330 28.4
1 331 28.4
1 332 25.8
1 333 23.4
1 334 22.4
1 335 20.3
1 336 21.8
1 337 22.2
1 338 20.9
1 339 20.5
1 340 19.3
1 341 17.8
1 342 17.2
1 343 16.3
1 344 14.9
1 345 13.8
1 346 13.4
1 347 12.1
1 348 10.7
1 349 10
1 350 9.22
1 367 9.44
1 368 9.94
1 369 9.36
1 384 9.49
1 385 9.8
1 386 9.33
1 387 10.9
1 388 12.7
1 389 12.5
1 390 13.1
1 391 15
1 392 16
1 393 15.9
1 394 17.2
1 395 19
1 396 19.3
1 397 20.1
1 398 21.8
1 399 22.9
1 400 21.8
1 401 19.5
1 402 19.6
1 403 20
1 404 18.2
1 405 19.8
1 406 18.7
1 407 16.3
1 408 15.4
1 409 15.8
1 410 14.2
1 411 12.3
1 412 12.9
1 413 12.7
1 414 10.5
1 415 9.48
1 416 10.3
1 426 10.5
1 429 10.7
1 430 11.7
1 431 10.2
1 432 10.9
1 433 13.4
1 434 13.7
1 435 12.9
1 436 14.4
1 437 16.6
1 438 16.5
1 439 16.7
1 440 15
1 441 14.9
1 442 12.8
1 443 14.3
1 444 16.9
1 445 18.2
1 446 17.1
2 3 120
2 4 114
2 5 110
2 6 104
2 7 99.8
2 8 93.4
2 9 89.6
2 10 83.2
2 11 79.1
2 12 73.1
2 13 68.9
2 14 65.6
2 15 60.3
2 16 58.1
2 17 52.7
2 18 50.7
2 19 45.7
2 20 42.3
2 21 37.4
2 22 34.5
2 23 29.7
2 24 26.2
2 25 21.8
2 26 18.4
2 27 14.8
2 28 12.6
2 29 11.4
2 30 9.52
2 31 11.3
2 32 13.9
2 33 15
2 34 15.6
2 35 16.2
2 36 15.9
2 37 15.3
2 38 14.7
2 39 14.2
2 40 13.2
2 41 12.9
2 42 12.1
2 43 11.7
2 44 11.2
2 45 10.7
2 46 10.3
2 47 9.82
2 48 9.26
2 50 9.37
2 55 9.42
2 56 9.41
2 57 9.76
2 58 10.6
2 59 9.78
2 70 9.88
2 71 10.6
2 74 11.5
2 75 10.8
2 76 9.53
2 77 11.6
2 78 13.3
2 79 12
2 80 11.9
2 81 14.5
2 82 14.7
2 83 13.2
2 84 14.9
2 85 17
2 86 16.5
2 87 14.7
2 88 15.4
2 89 17.8
2 90 16.8
2 91 15.1
2 92 16.9
2 93 17.7
2 94 15.4
2 95 14.4
2 96 16.6
2 97 16.5
2 98 13.9
2 99 14.5
2 100 13
2 101 14.6
2 102 14.1
2 103 15.8
2 104 14
2 105 12.9
2 106 15.2
2 107 15.5
2 108 13.2
2 109 14.1
2 110 16.2
2 111 14.6
2 112 13.6
2 113 11.1
2 114 10.6
2 115 9.86
2 116 9.87
2 117 9.42
2 118 11.3
2 119 13.5
2 120 15.5
2 121 15.8
2 122 15.8
2 123 13.5
2 124 12.9
2 125 12
2 126 10.2
2 138 9.22
2 140 9.98
2 141 11.7
2 142 10.5
2 145 9.59
2 157 9.78
2 160 11.2
2 161 12
2 162 11.5
2 163 11.9
2 164 13.2
2 165 15.6
2 166 17.1
2 167 17.5
2 168 15
2 169 14.9
2 170 17
2 171 16.5
2 172 14.2
2 173 13.7
2 174 15.6
2 175 15.2
2 176 12.7
2 177 13.2
2 178 15
2 179 13.7
2 180 15.4
2 181 13.4
2 182 11.2
2 183 9.21
2 204 10.7
2 205 13
2 206 14.2
2 207 16.6
2 208 17.3
2 209 16.7
2 210 16.5
2 211 14.1
2 212 11.8
2 213 10.1
2 225 9.3
2 226 11
2 227 10.1
2 228 11.8
2 229 10.5
2 236 10.5
2 237 11.9
2 238 13.5
2 239 11.7
2 240 11.4
2 241 9.22
2 242 9.79
2 244 9.69
2 245 10.5
2 246 10.2
2 247 11.7
2 248 11.7
2 249 12.5
2 250 11.6
2 251 10.9
2 259 11.4
2 260 12.7
2 261 11.4
2 262 12.7
2 263 10.8
2 264 9.72
2 265 11.8
2 266 12.1
2 267 9.83
2 268 9.61
2 278 11.3
2 279 11.9
2 280 14.2
2 281 14.9
2 282 15.6
2 283 13.2
2 284 12.4
2 285 12.1
2 286 14.1
2 287 13.8
2 288 12
2 289 11.6
2 290 10.2
2 292 9.29
2 312 9.39
2 313 9.64
2 314 9.99
2 315 11.9
2 316 12.9
2 317 12.8
2 318 13.7
2 319 15.6
2 320 16.3
2 321 16.2
2 322 17.6
2 323 19.2
2 324 19.5
2 325 20
2 326 21.7
2 327 22.8
2 328 24.8
2 329 25.9
2 330 27.7
2 331 27.7
2 332 25.1
2 333 22.8
2 334 21.8
2 335 19.7
2 336 21.3
2 337 21.6
2 338 20.3
2 339 20
2 340 18.8
2 341 17.3
2 342 16.7
2 343 15.8
2 344 14.5
2 345 13.5
2 346 13
2 347 11.7
2 348 10.5
2 349 9.74
2 368 9.65
2 384 9.21
2 385 9.52
2 387 10.6
2 388 12.4
2 389 12.2
2 390 12.7
2 391 14.6
2 392 15.5
2 393 15.5
2 394 16.7
2 395 18.5
2 396 18.8
2 397 19.5
2 398 21.2
2 399 22.3
2 400 21.2
2 401 18.9
2 402 19
2 403 19.5
2 404 17.7
2 405 19.2
2 406 18.2
2 407 15.8
2 408 15
2 409 15.4
2 410 13.8
2 411 11.9
2 412 12.6
2 413 12.4
2 414 10.2
2 416 10
2 426 10.2
2 429 10.4
2 430 11.3
2 431 9.89
2 432 10.6
2 433 13
2 434 13.3
2 435 12.5
2 436 14
2 437 16.1
2 438 16
2 439 16.3
2 440 14.6
2 441 14.4
2 442 12.5
2 443 14
2 444 16.4
2 445 17.7
2 446 16.6
3 4 110
3 5 106
3 6 100
3 7 96
3 8 90
3 9 86.4
3 10 80.3
3 11 76.3
3 12 70.5
3 13 66.4
3 14 63.2
3 15 58.2
3 16 56
3 17 50.7
3 18 48.8
3 19 44
3 20 40.7
3 21 35.9
3 22 33.1
3 23 28.6
3 24 25.2
3 25 20.9
3 26 17.6
3 27 14.2
3 28 12.1
3 29 11
3 31 10.8
3 32 13.3
3 33 14.3
3 34 14.9
3 35 15.5
3 36 15.2
3 37 14.6
3 38 14.1
3 39 13.6
3 40 12.6
3 41 12.3
3 42 11.6
3 43 11.2
3 44 10.7
3 45 10.2
3 46 9.84
3 47 9.41
3 57 9.38
3 58 10.2
3 59 9.39
3 70 9.5
3 71 10.2
3 74 11
3 75 10.4
3 77 11.1
3 78 12.8
3 79 11.6
3 80 11.5
3 81 13.9
3 82 14.1
3 83 12.7
3 84 14.3
3 85 16.3
3 86 15.8
3 87 14.1
3 88 14.8
3 89 17.1
3 90 16.1
3 91 14.5
3 92 16.2
3 93 17
3 94 14.8
3 95 13.8
3 96 15.9
3 97 15.8
3 98 13.4
3 99 13.9
3 100 12.5
3 101 14
3 102 13.6
3 103 15.2
3 104 13.4
3 105 12.4
3 106 14.6
3 107 14.9
3 108 12.6
3 109 13.5
3 110 15.5
3 111 14
3 112 13
3 113 10.7
3 114 10.2
3 115 9.48
3 116 9.49
3 118 10.9
3 119 12.9
3 120 14.9
3 121 15.1
3 122 15.2
3 123 12.9
3 124 12.4
3 125 11.6
3 126 9.79
3 140 9.58
3 141 11.2
3 142 10.1
3 145 9.21
3 157 9.4
3 160 10.8
3 161 11.5
3 162 11
3 163 11.4
3 164 12.6
3 165 15
3 166 16.4
3 167 16.8
3 168 14.4
3 169 14.3
3 170 16.3
3 171 15.8
3 172 13.7
3 173 13.2
3 174 15
3 175 14.6
3 176 12.3
3 177 12.7
3 178 14.4
3 179 13.1
3 180 14.8
3 181 12.9
3 182 10.8
3 204 10.3
3 205 12.5
3 206 13.6
3 207 15.9
3 208 16.6
3 209 16.1
3 210 15.8
3 211 13.5
3 212 11.4
3 213 9.68
3 226 10.5
3 227 9.73
3 228 11.3
3 229 10.1
3 236 10.1
3 237 11.4
3 238 13
3 239 11.2
3 240 11
3 242 9.41
3 244 9.32
3 245 10.1
3 246 9.82
3 247 11.2
3 248 11.2
3 249 12
3 250 11.2
3 251 10.5
3 259 10.9
3 260 12.2
3 261 10.9
3 262 12.2
3 263 10.3
3 264 9.32
3 265 11.3
3 266 11.6
3 267 9.43
3 268 9.22
3 278 10.8
3 279 11.5
3 280 13.7
3 281 14.3
3 282 15
3 283 12.7
3 284 11.9
3 285 11.6
3 286 13.5
3 287 13.3
3 288 11.5
3 289 11.1
3 290 9.82
3 313 9.25
3 314 9.59
3 315 11.4
3 316 12.4
3 317 12.3
3 318 13.2
3 319 15
3 320 15.6
3 321 15.5
3 322 16.9
3 323 18.5
3 324 18.7
3 325 19.2
3 326 20.9
3 327 21.9
3 328 23.8
3 329 24.9
3 330 26.5
3 331 26.6
3 332 24.1
3 333 21.9
3 334 20.9
3 335 18.9
3 336 20.4
3 337 20.7
3 338 19.5
3 339 19.2
3 340 18
3 341 16.6
3 342 16.1
3 343 15.2
3 344 13.9
3 345 12.9
3 346 12.5
3 347 11.3
3 348 10
3 349 9.35
3 368 9.27
3 387 10.2
3 388 11.9
3 389 11.7
3 390 12.2
3 391 14
3 392 14.9
3 393 14.9
3 394 16.1
3 395 17.7
3 396 18
3 397 18.7
3 398 20.4
3 399 21.4
3 400 20.4
3 401 18.2
3 402 18.2
3 403 18.7
3 404 17
3 405 18.5
3 406 17.5
3 407 15.2
3 408 14.4
3 409 14.8
3 410 13.2
3 411 11.4
3 412 12
3 413 11.9
3 414 9.75
3 416 9.6
3 426 9.79
3 429 9.95
3 430 10.8
3 431 9.48
3 432 10.2
3 433 12.5
3 434 12.7
3 435 12
3 436 13.4
3 437 15.4
3 438 15.4
3 439 15.6
3 440 14
3 441 13.8
3 442 12
3 443 13.4
3 444 15.7
3 445 17
3 446 16
4 5 101
4 6 96
4 7 92
4 8 86.4
4 9 82.9
4 10 77.1
4 11 73.2
4 12 67.6
4 13 63.6
4 14 60.4
4 15 55.7
4 16 53.5
4 17 48.5
4 18 46.5
4 19 41.9
4 20 38.8
4 21 34.2
4 22 31.5
4 23 27.2
4 24 24
4 25 19.9
4 26 16.7
4 27 13.5
4 28 11.6
4 29 10.6
4 31 10.4
4 32 12.7
4 33 13.7
4 34 14.2
4 35 14.7
4 36 14.3
4 37 13.8
4 38 13.2
4 39 12.7
4 40 11.9
4 41 11.6
4 42 10.9
4 43 10.5
4 44 10
4 45 9.63
4 46 9.25
4 58 9.66
4 71 9.7
4 74 10.5
4 75 9.88
4 77 10.6
4 78 12.1
4 79 11
4 80 10.9
4 81 13.2
4 82 13.4
4 83 12.1
4 84 13.6
4 85 15.5
4 86 15.1
4 87 13.4
4 88 14.1
4 89 16.2
4 90 15.4
4 91 13.8
4 92 15.5
4 93 16.2
4 94 14.1
4 95 13.2
4 96 15.1
4 97 15.1
4 98 12.7
4 99 13.2
4 100 11.9
4 101 13.3
4 102 12.9
4 103 14.5
4 104 12.8
4 105 11.8
4 106 13.9
4 107 14.2
4 108 12
4 109 12.9
4 110 14.8
4 111 13.4
4 112 12.4
4 113 10.2
4 114 9.74
4 118 10.4
4 119 12.3
4 120 14.2
4 121 14.4
4 122 14.5
4 123 12.3
4 124 11.8
4 125 11
4 126 9.33
4 141 10.7
4 142 9.64
4 160 10.3
4 161 10.9
4 162 10.5
4 163 10.9
4 164 12
4 165 14.3
4 166 15.6
4 167 16
4 168 13.7
4 169 13.6
4 170 15.5
4 171 15.1
4 172 13
4 173 12.6
4 174 14.3
4 175 13.9
4 176 11.7
4 177 12.1
4 178 13.7
4 179 12.5
4 180 14.1
4 181 12.3
4 182 10.3
4 204 9.8
4 205 11.9
4 206 13
4 207 15.2
4 208 15.8
4 209 15.3
4 210 15.1
4 211 12.9
4 212 10.8
4 213 9.22
4 226 10
4 227 9.29
4 228 10.8
4 229 9.63
4 236 9.58
4 237 10.9
4 238 12.3
4 239 10.6
4 240 10.4
4 245 9.62
4 246 9.37
4 247 10.7
4 248 10.7
4 249 11.5
4 250 10.7
4 251 10
4 259 10.4
4 260 11.6
4 261 10.4
4 262 11.6
4 263 9.85
4 265 10.7
4 266 11
4 278 10.3
4 279 10.9
4 280 13
4 281 13.6
4 282 14.2
4 283 12.1
4 284 11.4
4 285 11
4 286 12.9
4 287 12.7
4 288 11
4 289 10.6
4 290 9.35
4 315 10.8
4 316 11.8
4 317 11.7
4 318 12.5
4 319 14.3
4 320 14.9
4 321 14.8
4 322 16.1
4 323 17.6
4 324 17.8
4 325 18.3
4 326 19.8
4 327 20.9
4 328 22.7
4 329 23.6
4 330 25.3
4 331 25.3
4 332 23
4 333 20.9
4 334 19.9
4 335 18
4 336 19.4
4 337 19.7
4 338 18.6
4 339 18.2
4 340 17.1
4 341 15.8
4 342 15.3
4 343 14.4
4 344 13.3
4 345 12.3
4 346 11.9
4 347 10.7
4 348 9.54
4 387 9.67
4 388 11.3
4 389 11.1
4 390 11.6
4 391 13.3
4 392 14.2
4 393 14.1
4 394 15.3
4 395 16.9
4 396 17.1
4 397 17.8
4 398 19.4
4 399 20.3
4 400 19.4
4 401 17.3
4 402 17.4
4 403 17.8
4 404 16.1
4 405 17.6
4 406 16.6
4 407 14.4
4 408 13.7
4 409 14
4 410 12.6
4 411 10.9
4 412 11.5
4 413 11.3
4 414 9.27
4 426 9.3
4 429 9.46
4 430 10.3
4 432 9.67
4 433 11.9
4 434 12.1
4 435 11.4
4 436 12.7
4 437 14.7
4 438 14.6
4 439 14.8
4 440 13.3
4 441 13.2
4 442 11.4
4 443 12.7
4 444 15
4 445 16.2
4 446 15.2
5 6 92.3
5 7 88.6
5 8 83.3
5 9 79.9
5 10 74.5
5 11 70.8
5 12 65.5
5 13 61.6
5 14 58.6
5 15 54.1
5 16 51.9
5 17 47.1
5 18 45.2
5 19 40.7
5 20 37.7
5 21 33.2
5 22 30.6
5 23 26.3
5 24 23.2
5 25 19.2
5 26 16.1
5 27 13
5 28 11.2
5 29 10.3
5 31 9.92
5 32 12.2
5 33 13.1
5 34 13.6
5 35 14.2
5 36 13.8
5 37 13.4
5 38 12.8
5 39 12.4
5 40 11.6
5 41 11.2
5 42 10.6
5 43 10.2
5 44 9.76
5 45 9.38
5 58 9.39
5 71 9.41
5 74 10.2
5 75 9.59
5 77 10.3
5 78 11.8
5 79 10.7
5 80 10.6
5 81 12.8
5 82 13
5 83 11.7
5 84 13.2
5 85 15
5 86 14.6
5 87 13
5 88 13.6
5 89 15.7
5 90 14.8
5 91 13.3
5 92 14.9
5 93 15.6
5 94 13.6
5 95 12.7
5 96 14.6
5 97 14.5
5 98 12.3
5 99 12.8
5 100 11.4
5 101 12.9
5 102 12.5
5 103 14
5 104 12.4
5 105 11.4
5 106 13.5
5 107 13.7
5 108 11.7
5 109 12.5
5 110 14.3
5 111 12.9
5 112 12
5 113 9.89
5 114 9.44
5 118 10
5 119 11.9
5 120 13.8
5 121 14
5 122 14
5 123 11.9
5 124 11.4
5 125 10.7
5 141 10.3
5 142 9.32
5 160 9.93
5 161 10.6
5 162 10.2
5 163 10.5
5 164 11.7
5 165 13.8
5 166 15.1
5 167 15.5
5 168 13.3
5 169 13.2
5 170 15
5 171 14.6
5 172 12.6
5 173 12.2
5 174 13.8
5 175 13.5
5 176 11.3
5 177 11.7
5 178 13.3
5 179 12.1
5 180 13.6
5 181 11.9
5 182 9.94
5 204 9.52
5 205 11.5
5 206 12.6
5 207 14.7
5 208 15.3
5 209 14.8
5 210 14.6
5 211 12.5
5 212 10.5
5 226 9.7
5 228 10.5
5 229 9.32
5 236 9.31
5 237 10.6
5 238 12
5 239 10.3
5 240 10.1
5 245 9.32
5 247 10.3
5 248 10.3
5 249 11.1
5 250 10.3
5 251 9.69
5 259 9.93
5 260 11.1
5 261 10
5 262 11.2
5 263 9.47
5 265 10.3
5 266 10.6
5 278 10
5 279 10.6
5 280 12.6
5 281 13.2
5 282 13.8
5 283 11.7
5 284 11
5 285 10.7
5 286 12.5
5 287 12.3
5 288 10.6
5 289 10.3
5 315 10.5
5 316 11.4
5 317 11.4
5 318 12.1
5 319 13.8
5 320 14.4
5 321 14.3
5 322 15.6
5 323 17
5 324 17.3
5 325 17.7
5 326 19.2
5 327 20.2
5 328 21.9
5 329 22.9
5 330 24.4
5 331 24.5
5 332 22.2
5 333 20.2
5 334 19.2
5 335 17.4
5 336 18.8
5 337 19.1
5 338 18
5 339 17.6
5 340 16.6
5 341 15.3
5 342 14.8
5 343 14
5 344 12.8
5 345 11.9
5 346 11.5
5 347 10.4
5 348 9.24
5 387 9.32
5 388 10.9
5 389 10.7
5 390 11.2
5 391 12.8
5 392 13.7
5 393 13.7
5 394 14.8
5 395 16.3
5 396 16.5
5 397 17.2
5 398 18.7
5 399 19.6
5 400 18.7
5 401 16.7
5 402 16.7
5 403 17.2
5 404 15.6
5 405 17
5 406 16.1
5 407 14
5 408 13.2
5 409 13.5
5 410 12.1
5 411 10.5
5 412 11
5 413 10.9
5 430 9.93
5 432 9.31
5 433 11.4
5 434 11.7
5 435 11
5 436 12.3
5 437 14.1
5 438 14.1
5 439 14.3
5 440 12.8
5 441 12.7
5 442 11
5 443 12.3
5 444 14.4
5 445 15.6
5 446 14.7
6 7 84.6
6 8 79.7
6 9 76.5
6 10 71.3
6 11 67.7
6 12 62.6
6 13 58.8
6 14 55.8
6 15 51.6
6 16 49.4
6 17 44.8
6 18 43
6 19 38.6
6 20 35.8
6 21 31.5
6 22 29
6 23 24.9
6 24 22
6 25 18.2
6 26 15.3
6 27 12.3
6 28 10.6
6 29 9.86
6 31 9.54
6 32 11.6
6 33 12.5
6 34 12.9
6 35 13.3
6 36 13
6 37 12.5
6 38 12
6 39 11.6
6 40 10.8
6 41 10.5
6 42 9.92
6 43 9.56
6 74 9.68
6 77 9.74
6 78 11.2
6 79 10.1
6 80 10
6 81 12.2
6 82 12.3
6 83 11.1
6 84 12.5
6 85 14.3
6 86 13.8
6 87 12.3
6 88 12.9
6 89 14.9
6 90 14.1
6 91 12.7
6 92 14.1
6 93 14.8
6 94 12.9
6 95 12
6 96 13.8
6 97 13.8
6 98 11.6
6 99 12.1
6 100 10.9
6 101 12.2
6 102 11.9
6 103 13.3
6 104 11.8
6 105 10.9
6 106 12.8
6 107 13
6 108 11.1
6 109 11.8
6 110 13.6
6 111 12.3
6 112 11.4
6 113 9.39
6 118 9.52
6 119 11.3
6 120 13.1
6 121 13.2
6 122 13.3
6 123 11.3
6 124 10.9
6 125 10.1
6 141 9.79
6 160 9.43
6 161 10.1
6 162 9.66
6 163 10
6 164 11.1
6 165 13.1
6 166 14.3
6 167 14.7
6 168 12.6
6 169 12.5
6 170 14.3
6 171 13.8
6 172 12
6 173 11.5
6 174 13.1
6 175 12.8
6 176 10.7
6 177 11.1
6 178 12.6
6 179 11.5
6 180 12.9
6 181 11.3
6 182 9.45
6 205 10.9
6 206 11.9
6 207 14
6 208 14.5
6 209 14.1
6 210 13.9
6 211 11.8
6 212 9.98
6 226 9.22
6 228 9.93
6 237 10
6 238 11.3
6 239 9.8
6 240 9.6
6 247 9.83
6 248 9.83
6 249 10.5
6 250 9.82
6 251 9.22
6 259 9.42
6 260 10.5
6 261 9.49
6 262 10.6
6 265 9.82
6 266 10.1
6 278 9.52
6 279 10.1
6 280 12
6 281 12.5
6 282 13.1
6 283 11.1
6 284 10.4
6 285 10.2
6 286 11.8
6 287 11.6
6 288 10.1
6 289 9.73
6 315 9.94
6 316 10.8
6 317 10.8
6 318 11.5
6 319 13.1
6 320 13.6
6 321 13.5
6 322 14.8
6 323 16.1
6 324 16.4
6 325 16.8
6 326 18.2
6 327 19.1
6 328 20.8
6 329 21.7
6 330 23.2
6 331 23.2
6 332 21.1
6 333 19.1
6 334 18.2
6 335 16.5
6 336 17.8
6 337 18.1
6 338 17
6 339 16.7
6 340 15.7
6 341 14.5
6 342 14
6 343 13.2
6 344 12.2
6 345 11.3
6 346 10.9
6 347 9.82
6 388 10.3
6 389 10.1
6 390 10.6
6 391 12.2
6 392 13
6 393 13
6 394 14
6 395 15.4
6 396 15.7
6 397 16.3
6 398 17.8
6 399 18.6
6 400 17.8
6 401 15.8
6 402 15.9
6 403 16.3
6 404 14.8
6 405 16.1
6 406 15.2
6 407 13.2
6 408 12.5
6 409 12.8
6 410 11.5
6 411 9.96
6 412 10.5
6 413 10.3
6 430 9.41
6 433 10.8
6 434 11.1
6 435 10.4
6 436 11.6
6 437 13.4
6 438 13.4
6 439 13.6
6 440 12.1
6 441 12
6 442 10.4
6 443 11.6
6 444 13.7
6 445 14.8
6 446 13.9
7 8 76.6
7 9 73.6
7 10 68.7
7 11 65.3
7 12 60.4
7 13 56.8
7 14 54
7 15 49.9
7 16 47.9
7 17 43.4
7 18 41.6
7 19 37.4
7 20 34.7
7 21 30.5
7 22 28.1
7 23 24.1
7 24 21.3
7 25 17.5
7 26 14.6
7 27 11.8
7 28 10.3
7 29 9.59
7 32 11.1
7 33 11.9
7 34 12.4
7 35 12.9
7 36 12.6
7 37 12.1
7 38 11.6
7 39 11.2
7 40 10.5
7 41 10.2
7 42 9.64
7 43 9.31
7 74 9.37
7 77 9.44
7 78 10.8
7 79 9.79
7 80 9.72
7 81 11.8
7 82 11.9
7 83 10.7
7 84 12.1
7 85 13.8
7 86 13.4
7 87 11.9
7 88 12.5
7 89 14.4
7 90 13.6
7 91 12.2
7 92 13.6
7 93 14.2
7 94 12.4
7 95 11.6
7 96 13.3
7 97 13.2
7 98 11.2
7 99 11.6
7 100 10.5
7 101 11.8
7 102 11.4
7 103 12.8
7 104 11.3
7 105 10.5
7 106 12.3
7 107 12.6
7 108 10.7
7 109 11.4
7 110 13.1
7 111 11.9
7 112 11
7 119 10.9
7 120 12.6
7 121 12.8
7 122 12.8
7 123 10.9
7 124 10.5
7 125 9.77
7 141 9.45
7 161 9.72
7 162 9.33
7 163 9.67
7 164 10.7
7 165 12.7
7 166 13.9
7 167 14.2
7 168 12.2
7 169 12.1
7 170 13.8
7 171 13.4
7 172 11.6
7 173 11.1
7 174 12.7
7 175 12.4
7 176 10.4
7 177 10.7
7 178 12.2
7 179 11.1
7 180 12.5
7 181 10.9
7 205 10.6
7 206 11.6
7 207 13.5
7 208 14.1
7 209 13.6
7 210 13.4
7 211 11.5
7 212 9.66
7 228 9.58
7 237 9.72
7 238 11
7 239 9.5
7 240 9.3
7 247 9.5
7 248 9.49
7 249 10.2
7 250 9.48
7 260 10.1
7 262 10.2
7 265 9.42
7 266 9.69
7 278 9.21
7 279 9.73
7 280 11.6
7 281 12.1
7 282 12.7
7 283 10.8
7 284 10.1
7 285 9.82
7 286 11.4
7 287 11.3
7 288 9.75
7 289 9.42
7 315 9.61
7 316 10.4
7 317 10.4
7 318 11.1
7 319 12.7
7 320 13.1
7 321 13.1
7 322 14.3
7 323 15.6
7 324 15.8
7 325 16.2
7 326 17.6
7 327 18.5
7 328 20.1
7 329 20.9
7 330 22.3
7 331 22.4
7 332 20.3
7 333 18.5
7 334 17.6
7 335 16
7 336 17.2
7 337 17.4
7 338 16.4
7 339 16.1
7 340 15.2
7 341 14
7 342 13.5
7 343 12.8
7 344 11.7
7 345 10.9
7 346 10.5
7 347 9.47
7 388 9.94
7 389 9.78
7 390 10.2
7 391 11.7
7 392 12.5
7 393 12.5
7 394 13.5
7 395 14.9
7 396 15.1
7 397 15.7
7 398 17.1
7 399 17.9
7 400 17.1
7 401 15.2
7 402 15.3
7 403 15.7
7 404 14.2
7 405 15.5
7 406 14.7
7 407 12.8
7 408 12.1
7 409 12.4
7 410 11.1
7 411 9.58
7 412 10.1
7 413 9.9
7 433 10.4
7 434 10.6
7 435 10
7 436 11.2
7 437 12.9
7 438 12.8
7 439 13.1
7 440 11.7
7 441 11.6
7 442 10
7 443 11.2
7 444 13.2
7 445 14.3
7 446 13.4
8 9 69.5
8 10 65
8 11 61.8
8 12 57.2
8 13 53.8
8 14 51.1
8 15 47.3
8 16 45.3
8 17 41.1
8 18 39.4
8 19 35.4
8 20 32.9
8 21 28.9
8 22 26.7
8 23 22.9
8 24 20.2
8 25 16.7
8 26 13.9
8 27 11.3
8 28 9.76
8 32 10.4
8 33 11.2
8 34 11.6
8 35 12
8 36 11.8
8 37 11.3
8 38 10.9
8 39 10.5
8 40 9.85
8 41 9.56
8 78 10.2
8 79 9.22
8 81 11.1
8 82 11.2
8 83 10.1
8 84 11.3
8 85 13
8 86 12.6
8 87 11.2
8 88 11.7
8 89 13.5
8 90 12.8
8 91 11.5
8 92 12.8
8 93 13.4
8 94 11.7
8 95 10.9
8 96 12.5
8 97 12.4
8 98 10.5
8 99 10.9
8 100 9.82
8 101 11.1
8 102 10.7
8 103 12
8 104 10.7
8 105 9.85
8 106 11.6
8 107 11.8
8 108 10.1
8 109 10.8
8 110 12.4
8 111 11.2
8 112 10.4
8 119 10.3
8 120 11.9
8 121 12
8 122 12.1
8 123 10.3
8 124 9.89
8 125 9.21
8 164 10.1
8 165 12
8 166 13
8 167 13.4
8 168 11.5
8 169 11.4
8 170 13
8 171 12.6
8 172 10.9
8 173 10.5
8 174 11.9
8 175 11.6
8 176 9.76
8 177 10.1
8 178 11.5
8 179 10.5
8 180 11.7
8 181 10.2
8 205 9.99
8 206 10.9
8 207 12.7
8 208 13.3
8 209 12.8
8 210 12.6
8 211 10.8
8 238 10.4
8 249 9.57
8 260 9.45
8 262 9.53
8 280 10.9
8 281 11.4
8 282 11.9
8 283 10.2
8 284 9.53
8 285 9.26
8 286 10.8
8 287 10.6
8 316 9.79
8 317 9.76
8 318 10.5
8 319 11.9
8 320 12.4
8 321 12.3
8 322 13.4
8 323 14.6
8 324 14.8
8 325 15.2
8 326 16.5
8 327 17.4
8 328 18.8
8 329 19.6
8 330 21
8 331 21
8 332 19.1
8 333 17.4
8 334 16.5
8 335 15
8 336 16.2
8 337 16.4
8 338 15.4
8 339 15.1
8 340 14.2
8 341 13.2
8 342 12.7
8 343 12
8 344 11
8 345 10.2
8 346 9.83
8 388 9.32
8 390 9.61
8 391 11
8 392 11.7
8 393 11.7
8 394 12.6
8 395 14
8 396 14.2
8 397 14.8
8 398 16.1
8 399 16.8
8 400 16.1
8 401 14.3
8 402 14.3
8 403 14.7
8 404 13.3
8 405 14.6
8 406 13.8
8 407 12
8 408 11.3
8 409 11.6
8 410 10.4
8 412 9.45
8 413 9.29
8 433 9.74
8 434 9.97
8 435 9.39
8 436 10.5
8 437 12.1
8 438 12
8 439 12.3
8 440 11
8 441 10.9
8 442 9.39
8 443 10.5
8 444 12.4
8 445 13.4
8 446 12.6
9 10 62.5
9 11 59.6
9 12 55.2
9 13 52
9 14 49.5
9 15 45.8
9 16 43.9
9 17 39.9
9 18 38.2
9 19 34.4
9 20 31.9
9 21 28
9 22 25.8
9 23 22.1
9 24 19.6
9 25 16.1
9 26 13.4
9 27 10.8
9 28 9.43
9 32 9.91
9 33 10.7
9 34 11.1
9 35 11.6
9 36 11.4
9 37 11
9 38 10.6
9 39 10.2
9 40 9.59
9 41 9.33
9 78 9.86
9 81 10.7
9 82 10.8
9 83 9.75
9 84 11
9 85 12.5
9 86 12.1
9 87 10.8
9 88 11.3
9 89 13
9 90 12.3
9 91 11
9 92 12.3
9 93 12.9
9 94 11.2
9 95 10.5
9 96 12
9 97 11.9
9 98 10.1
9 99 10.5
9 100 9.45
9 101 10.6
9 102 10.4
9 103 11.6
9 104 10.3
9 105 9.51
9 106 11.2
9 107 11.4
9 108 9.73
9 109 10.4
9 110 11.9
9 111 10.8
9 112 10
9 119 9.95
9 120 11.5
9 121 11.6
9 122 11.7
9 123 9.96
9 124 9.56
9 164 9.75
9 165 11.6
9 166 12.6
9 167 12.9
9 168 11.1
9 169 11
9 170 12.5
9 171 12.2
9 172 10.5
9 173 10.1
9 174 11.5
9 175 11.2
9 176 9.43
9 177 9.76
9 178 11.1
9 179 10.1
9 180 11.3
9 181 9.87
9 205 9.69
9 206 10.6
9 207 12.4
9 208 12.9
9 209 12.4
9 210 12.2
9 211 10.5
9 238 10.1
9 249 9.23
9 280 10.6
9 281 11
9 282 11.5
9 283 9.84
9 284 9.23
9 286 10.4
9 287 10.3
9 316 9.45
9 317 9.44
9 318 10.1
9 319 11.5
9 320 11.9
9 321 11.9
9 322 13
9 323 14.1
9 324 14.3
9 325 14.7
9 326 16
9 327 16.8
9 328 18.2
9 329 19
9 330 20.3
9 331 20.3
9 332 18.5
9 333 16.8
9 334 16
9 335 14.5
9 336 15.6
9 337 15.8
9 338 14.9
9 339 14.6
9 340 13.7
9 341 12.7
9 342 12.2
9 343 11.6
9 344 10.7
9 345 9.87
9 346 9.47
9 390 9.26
9 391 10.6
9 392 11.3
9 393 11.3
9 394 12.2
9 395 13.4
9 396 13.7
9 397 14.3
9 398 15.5
9 399 16.2
9 400 15.5
9 401 13.8
9 402 13.8
9 403 14.1
9 404 12.8
9 405 14
9 406 13.3
9 407 11.5
9 408 10.9
9 409 11.2
9 410 10
9 433 9.35
9 434 9.58
9 436 10
9 437 11.6
9 438 11.6
9 439 11.8
9 440 10.6
9 441 10.4
9 443 10.1
9 444 11.9
9 445 12.9
9 446 12.1
10 11 55.9
10 12 51.9
10 13 48.9
10 14 46.5
10 15 43.2
10 16 41.4
10 17 37.6
10 18 36.1
10 19 32.5
10 20 30.2
10 21 26.6
10 22 24.5
10 23 21
10 24 18.6
10 25 15.3
10 26 12.8
10 27 10.3
10 33 9.88
10 34 10.3
10 35 10.8
10 36 10.7
10 37 10.3
10 38 9.94
10 39 9.62
10 78 9.26
10 81 10.1
10 82 10.2
10 84 10.3
10 85 11.7
10 86 11.4
10 87 10.1
10 88 10.6
10 89 12.2
10 90 11.5
10 91 10.3
10 92 11.5
10 93 12
10 94 10.5
10 95 9.74
10 96 11.2
10 97 11.1
10 98 9.37
10 99 9.79
10 101 9.94
10 102 9.68
10 103 10.9
10 104 9.62
10 106 10.5
10 107 10.7
10 109 9.74
10 110 11.2
10 111 10.1
10 112 9.4
10 119 9.32
10 120 10.7
10 121 10.9
10 122 10.9
10 123 9.33
10 165 10.8
10 166 11.8
10 167 12.1
10 168 10.4
10 169 10.3
10 170 11.7
10 171 11.4
10 172 9.87
10 173 9.5
10 174 10.8
10 175 10.5
10 178 10.4
10 179 9.45
10 180 10.6
10 181 9.24
10 206 9.94
10 207 11.6
10 208 12.1
10 209 11.7
10 210 11.5
10 211 9.84
10 238 9.45
10 280 9.93
10 281 10.4
10 282 10.8
10 283 9.23
10 286 9.78
10 287 9.61
10 318 9.46
10 319 10.7
10 320 11.1
10 321 11.1
10 322 12.1
10 323 13.2
10 324 13.4
10 325 13.8
10 326 14.9
10 327 15.7
10 328 17
10 329 17.7
10 330 18.9
10 331 19
10 332 17.2
10 333 15.7
10 334 14.9
10 335 13.6
10 336 14.6
10 337 14.8
10 338 13.9
10 339 13.6
10 340 12.8
10 341 11.9
10 342 11.4
10 343 10.8
10 344 9.95
10 345 9.21
10 391 9.84
10 392 10.5
10 393 10.5
10 394 11.4
10 395 12.5
10 396 12.8
10 397 13.3
10 398 14.4
10 399 15.1
10 400 14.4
10 401 12.8
10 402 12.9
10 403 13.2
10 404 12
10 405 13.1
10 406 12.4
10 407 10.8
10 408 10.2
10 409 10.4
10 410 9.33
10 436 9.35
10 437 10.8
10 438 10.8
10 439 11
10 440 9.85
10 441 9.73
10 443 9.45
10 444 11.1
10 445 12.1
10 446 11.3
11 12 49.7
11 13 47
11 14 44.8
11 15 41.6
11 16 40
11 17 36.4
11 18 34.9
11 19 31.5
11 20 29.2
11 21 25.8
11 22 23.7
11 23 20.4
11 24 18
11 25 14.8
11 26 12.3
11 27 9.96
11 33 9.33
11 34 9.85
11 35 10.4
11 36 10.3
11 37 10
11 38 9.69
11 39 9.41
11 81 9.67
11 82 9.76
11 84 9.86
11 85 11.2
11 86 10.9
11 87 9.66
11 88 10.1
11 89 11.7
11 90 11
11 91 9.85
11 92 11
11 93 11.4
11 94 9.97
11 95 9.28
11 96 10.6
11 97 10.6
11 99 9.32
11 101 9.49
11 102 9.25
11 103 10.4
11 104 9.21
11 106 10
11 107 10.2
11 109 9.34
11 110 10.7
11 111 9.72
11 120 10.3
11 121 10.5
11 122 10.5
11 165 10.4
11 166 11.3
11 167 11.6
11 168 10
11 169 9.89
11 170 11.3
11 171 10.9
11 172 9.47
11 174 10.4
11 175 10.1
11 178 9.94
11 180 10.1
11 206 9.6
11 207 11.2
11 208 11.7
11 209 11.3
11 210 11.1
11 211 9.49
11 280 9.56
11 281 9.99
11 282 10.4
11 286 9.41
11 287 9.24
11 319 10.3
11 320 10.7
11 321 10.7
11 322 11.6
11 323 12.7
11 324 12.8
11 325 13.2
11 326 14.3
11 327 15
11 328 16.3
11 329 17
11 330 18.1
11 331 18.2
11 332 16.5
11 333 15
11 334 14.3
11 335 13
11 336 14
11 337 14.2
11 338 13.3
11 339 13
11 340 12.3
11 341 11.4
11 342 10.9
11 343 10.3
11 344 9.54
11 391 9.38
11 392 10.1
11 393 10.1
11 394 10.8
11 395 12
11 396 12.2
11 397 12.7
11 398 13.8
11 399 14.4
11 400 13.8
11 401 12.3
11 402 12.3
11 403 12.6
11 404 11.4
11 405 12.5
11 406 11.9
11 407 10.3
11 408 9.73
11 409 9.92
11 437 10.3
11 438 10.3
11 439 10.5
11 440 9.4
11 441 9.28
11 444 10.6
11 445 11.5
11 446 10.9
12 13 43.9
12 14 42
12 15 39
12 16 37.6
12 17 34.3
12 18 33
12 19 29.9
12 20 27.7
12 21 24.5
12 22 22.6
12 23 19.5
12 24 17.2
12 25 14.3
12 26 11.9
12 27 9.61
12 35 9.71
12 36 9.66
12 37 9.41
12 84 9.21
12 85 10.5
12 86 10.1
12 88 9.45
12 89 10.8
12 90 10.2
12 92 10.2
12 93 10.6
12 94 9.24
12 96 9.85
12 97 9.77
12 103 9.66
12 106 9.36
12 107 9.55
12 110 10
12 120 9.62
12 121 9.76
12 122 9.81
12 165 9.73
12 166 10.6
12 167 10.9
12 168 9.35
12 169 9.24
12 170 10.5
12 171 10.2
12 174 9.67
12 175 9.41
12 178 9.28
12 180 9.46
12 207 10.5
12 208 10.9
12 209 10.6
12 210 10.4
12 281 9.35
12 282 9.74
12 319 9.59
12 320 9.94
12 321 9.95
12 322 10.9
12 323 11.8
12 324 12
12 325 12.3
12 326 13.4
12 327 14
12 328 15.2
12 329 15.8
12 330 16.8
12 331 16.9
12 332 15.4
12 333 14
12 334 13.3
12 335 12.1
12 336 13.1
12 337 13.2
12 338 12.4
12 339 12.1
12 340 11.4
12 341 10.6
12 342 10.1
12 343 9.58
12 392 9.33
12 393 9.36
12 394 10.1
12 395 11.1
12 396 11.3
12 397 11.8
12 398 12.8
12 399 13.4
12 400 12.8
12 401 11.4
12 402 11.4
12 403 11.7
12 404 10.6
12 405 11.6
12 406 11
12 407 9.56
12 437 9.51
12 438 9.52
12 439 9.72
12 444 9.88
12 445 10.7
12 446 10.1
13 14 40.3
13 15 37.4
13 16 36.3
13 17 33.2
13 18 32
13 19 29
13 20 26.9
13 21 23.9
13 22 22
13 23 19.1
13 24 16.9
13 25 14
13 26 11.7
13 27 9.41
13 35 9.32
13 36 9.37
13 85 10
13 86 9.67
13 89 10.3
13 90 9.68
13 92 9.65
13 93 10
13 96 9.29
13 110 9.55
13 121 9.32
13 122 9.37
13 165 9.3
13 166 10.1
13 167 10.4
13 170 10
13 171 9.74
13 174 9.23
13 207 10.1
13 208 10.5
13 209 10.1
13 210 9.97
13 282 9.33
13 320 9.46
13 321 9.49
13 322 10.4
13 323 11.2
13 324 11.4
13 325 11.8
13 326 12.7
13 327 13.3
13 328 14.4
13 329 15
13 330 16
13 331 16.1
13 332 14.7
13 333 13.4
13 334 12.7
13 335 11.5
13 336 12.5
13 337 12.5
13 338 11.8
13 339 11.5
13 340 10.9
13 341 10.1
13 342 9.64
13 394 9.53
13 395 10.5
13 396 10.8
13 397 11.2
13 398 12.1
13 399 12.7
13 400 12.1
13 401 10.8
13 402 10.7
13 403 11
13 404 10
13 405 11
13 406 10.5
13 444 9.38
13 445 10.2
13 446 9.61
14 15 36
14 16 35
14 17 32.1
14 18 31
14 19 28.3
14 20 26.2
14 21 23.3
14 22 21.5
14 23 18.7
14 24 16.5
14 25 13.7
14 26 11.5
14 85 9.6
14 86 9.26
14 89 9.86
14 90 9.24
14 93 9.55
14 166 9.7
14 167 9.95
14 170 9.64
14 171 9.35
14 207 9.77
14 208 10.2
14 209 9.78
14 210 9.61
14 322 9.93
14 323 10.7
14 324 10.9
14 325 11.3
14 326 12.2
14 327 12.7
14 328 13.8
14 329 14.3
14 330 15.3
14 331 15.4
14 332 14.1
14 333 12.8
14 334 12.1
14 335 11.1
14 336 11.9
14 337 12
14 338 11.3
14 339 11
14 340 10.4
14 341 9.65
14 342 9.21
14 395 10
14 396 10.3
14 397 10.7
14 398 11.6
14 399 12.1
14 400 11.6
14 401 10.3
14 402 10.2
14 403 10.5
14 404 9.54
14 405 10.5
14 406 9.98
14 445 9.75
15 16 32.6
15 17 29.9
15 18 28.9
15 19 26.3
15 20 24.5
15 21 21.8
15 22 20.1
15 23 17.5
15 24 15.4
15 25 12.8
15 26 10.7
15 208 9.43
15 323 9.9
15 324 10.1
15 325 10.4
15 326 11.3
15 327 11.7
15 328 12.7
15 329 13.2
15 330 14.1
15 331 14.2
15 332 13
15 333 11.8
15 334 11.2
15 335 10.2
15 336 11
15 337 11
15 338 10.4
15 339 10.1
15 340 9.55
15 396 9.45
15 397 9.84
15 398 10.6
15 399 11.1
15 400 10.6
15 401 9.43
15 402 9.37
15 403 9.64
15 405 9.65
16 17 29.3
16 18 28.4
16 19 26
16 20 24.2
16 21 21.6
16 22 19.9
16 23 17.4
16 24 15.3
16 25 12.8
16 26 10.7
16 208 9.21
16 323 9.54
16 324 9.69
16 325 10
16 326 10.9
16 327 11.3
16 328 12.3
16 329 12.7
16 330 13.6
16 331 13.7
16 332 12.5
16 333 11.4
16 334 10.8
16 335 9.84
16 336 10.6
16 337 10.6
16 338 9.98
16 339 9.71
16 397 9.44
16 398 10.2
16 399 10.6
16 400 10.2
16 403 9.21
16 405 9.24
17 18 26.3
17 19 24.1
17 20 22.5
17 21 20.2
17 22 18.6
17 23 16.3
17 24 14.4
17 25 12.1
17 26 10.2
17 326 9.88
17 327 10.2
17 328 11.1
17 329 11.5
17 330 12.3
17 331 12.4
17 332 11.4
17 333 10.3
17 334 9.76
17 336 9.65
17 337 9.65
17 399 9.57
18 19 23.7
18 20 22.1
18 21 19.9
18 22 18.4
18 23 16.2
18 24 14.3
18 25 12.1
18 26 10.2
18 326 9.45
18 327 9.78
18 328 10.6
18 329 11
18 330 11.7
18 331 11.9
18 332 10.9
18 333 9.89
18 334 9.32
18 336 9.24
18 337 9.22
19 20 20.5
19 21 18.6
19 22 17.3
19 23 15.4
19 24 13.6
19 25 11.7
19 26 9.93
19 328 9.56
19 329 9.86
19 330 10.6
19 331 10.7
19 332 9.79
20 21 17.5
20 22 16.3
20 23 14.5
20 24 12.9
20 25 11.2
20 26 9.56
20 330 9.63
20 331 9.78
21 22 15
21 23 13.5
21 24 12.1
21 25 10.6
22 23 12.8
22 24 11.5
22 25 10.2
23 24 10.6
23 25 9.56
