# mean= 0.00123 s.d.= 0.00715 thr=0.00061 0.016 SIGMA= 2
#Residue names written in A0A0A0MQ68-AFv4A_MIN4.5_ALL_PHIPSIPSI.names.dat
#resi resj coupling
0 1 0.145
0 2 0.0299
1 2 0.163
1 3 0.0435
2 3 0.2
2 4 0.0295
3 4 0.144
3 5 0.0335
4 5 0.148
4 6 0.0399
5 6 0.146
5 7 0.0392
6 7 0.146
6 8 0.0387
7 8 0.148
7 9 0.0406
8 9 0.148
8 10 0.0393
9 10 0.149
9 11 0.0349
10 11 0.147
10 12 0.0351
11 12 0.147
11 13 0.0304
12 13 0.148
12 14 0.0318
13 14 0.213
13 15 0.0372
14 15 0.145
14 16 0.031
15 16 0.146
15 17 0.0348
16 17 0.145
16 18 0.0325
17 18 0.149
17 19 0.0344
18 19 0.148
18 20 0.0282
19 20 0.165
19 21 0.034
20 21 0.146
20 22 0.0319
21 22 0.15
21 23 0.035
22 23 0.148
22 24 0.0276
23 24 0.145
23 25 0.0275
24 25 0.143
24 26 0.0288
25 26 0.19
25 27 0.0286
26 27 0.144
26 28 0.0281
27 28 0.191
27 29 0.0274
28 29 0.143
28 30 0.027
29 30 0.143
29 31 0.0314
30 31 0.199
30 32 0.0304
31 32 0.146
31 33 0.0308
32 33 0.153
32 34 0.0257
33 34 0.155
33 35 0.0245
34 35 0.149
34 36 0.0294
35 36 0.178
35 37 0.0313
36 37 0.147
36 38 0.0464
37 38 0.147
37 39 0.0416
38 39 0.147
38 40 0.0413
39 40 0.148
39 41 0.0532
40 41 0.151
40 42 0.0625
41 42 0.15
41 43 0.0554
42 43 0.148
42 44 0.0592
43 44 0.149
43 45 0.0563
44 45 0.149
44 46 0.0573
45 46 0.15
45 47 0.0613
46 47 0.149
46 48 0.054
46 49 0.0178
47 48 0.148
47 49 0.0498
48 49 0.15
48 50 0.0491
48 51 0.0183
49 50 0.148
49 51 0.0532
50 51 0.149
50 52 0.0573
51 52 0.15
51 53 0.0535
52 53 0.149
52 54 0.0444
52 55 0.0166
53 54 0.146
53 55 0.0426
54 55 0.147
54 56 0.0377
55 56 0.149
55 57 0.0392
56 57 0.147
56 58 0.043
56 60 0.0165
56 61 0.0395
57 58 0.148
57 59 0.068
57 60 0.0632
57 61 0.0611
57 63 0.0166
58 59 0.144
58 60 0.0628
58 61 0.0715
58 348 0.0209
59 60 0.147
59 61 0.0442
60 61 0.144
60 62 0.0576
60 63 0.0741
60 64 0.0419
60 65 0.0236
60 352 0.0241
61 62 0.145
61 63 0.0543
61 64 0.0182
61 352 0.0333
62 63 0.145
62 64 0.0522
62 352 0.0272
62 356 0.016
63 64 0.146
63 65 0.0772
63 66 0.058
63 67 0.0259
64 65 0.146
64 66 0.064
64 67 0.074
64 68 0.0329
64 355 0.0205
64 356 0.0284
65 66 0.144
65 67 0.0637
65 68 0.059
65 73 0.0192
66 67 0.144
66 68 0.0574
66 69 0.0175
67 68 0.144
67 69 0.0321
68 69 0.147
68 70 0.0353
68 71 0.017
68 72 0.0522
68 73 0.0402
68 129 0.0162
69 70 0.147
69 71 0.0664
69 72 0.0782
69 73 0.0412
70 71 0.145
70 72 0.0615
70 73 0.0706
70 74 0.0446
71 72 0.145
71 73 0.0666
71 74 0.0836
71 75 0.0497
71 130 0.0171
72 73 0.146
72 74 0.0618
72 75 0.0729
72 76 0.0472
72 127 0.0196
72 129 0.027
72 130 0.0761
72 133 0.0231
73 74 0.147
73 75 0.0631
73 76 0.0788
73 77 0.0501
73 130 0.0165
74 75 0.145
74 76 0.0632
74 77 0.0712
74 78 0.0509
75 76 0.145
75 77 0.058
75 78 0.0678
75 79 0.048
75 130 0.0324
75 133 0.0186
75 134 0.0236
76 77 0.148
76 78 0.0584
76 79 0.0699
76 80 0.0523
76 130 0.028
76 133 0.0591
76 134 0.0506
76 137 0.0282
77 78 0.145
77 79 0.0651
77 80 0.0848
77 81 0.0433
78 79 0.148
78 80 0.0619
78 81 0.0663
78 82 0.035
79 80 0.145
79 81 0.0671
79 82 0.0782
79 83 0.0458
79 111 0.0187
79 113 0.0157
79 134 0.034
79 137 0.0273
79 138 0.0168
80 81 0.146
80 82 0.0649
80 83 0.0837
80 84 0.0461
80 134 0.0186
80 137 0.0624
80 138 0.0232
81 82 0.146
81 83 0.0654
81 84 0.0726
81 85 0.0488
81 86 0.0161
82 83 0.146
82 84 0.0607
82 85 0.0705
82 86 0.0622
82 87 0.0275
83 84 0.145
83 85 0.0555
83 86 0.0591
83 87 0.0839
83 88 0.0394
83 137 0.0304
83 138 0.0434
83 141 0.0343
84 85 0.145
84 86 0.0502
84 87 0.0505
84 88 0.0731
84 89 0.0231
84 141 0.0238
85 86 0.145
85 87 0.0447
85 88 0.0394
85 89 0.0354
86 87 0.146
86 88 0.0457
86 89 0.0495
86 90 0.0295
87 88 0.144
87 89 0.066
87 90 0.0708
87 91 0.0459
87 104 0.018
87 141 0.0328
88 89 0.145
88 90 0.0645
88 91 0.0684
88 92 0.0221
88 141 0.0515
89 90 0.144
89 91 0.0487
89 92 0.0257
90 91 0.147
90 92 0.051
90 93 0.0429
90 94 0.0495
91 92 0.145
91 93 0.0573
91 94 0.0887
91 95 0.0551
91 96 0.0158
91 141 0.0231
91 142 0.0251
91 266 0.0289
92 93 0.146
92 94 0.0616
92 95 0.0624
92 96 0.0457
92 404 0.0312
92 405 0.0299
92 407 0.0213
93 94 0.145
93 95 0.0653
93 96 0.0872
93 97 0.0551
93 98 0.0186
93 99 0.0219
94 95 0.146
94 96 0.0588
94 97 0.0623
94 98 0.0603
94 99 0.101
94 100 0.0381
94 101 0.0189
94 265 0.025
94 266 0.0788
95 96 0.145
95 97 0.059
95 98 0.0738
95 99 0.0357
95 264 0.0235
95 265 0.0882
95 266 0.106
95 267 0.0164
95 410 0.0214
96 97 0.146
96 98 0.0524
96 99 0.0182
96 265 0.0264
96 266 0.0189
96 404 0.0201
97 98 0.143
97 99 0.0609
97 265 0.0216
97 266 0.0189
98 99 0.145
98 100 0.0354
98 265 0.0937
98 266 0.0747
98 267 0.026
98 268 0.0194
99 100 0.149
99 101 0.0417
99 265 0.026
99 266 0.0676
99 267 0.0264
99 268 0.0223
100 101 0.146
100 102 0.0422
100 265 0.0167
100 266 0.0736
100 267 0.0666
100 268 0.0564
101 102 0.144
101 103 0.0677
101 104 0.0533
101 105 0.0185
101 266 0.0165
102 103 0.145
102 104 0.066
102 105 0.0595
102 106 0.0269
102 226 0.0176
103 104 0.144
103 105 0.0682
103 106 0.0745
103 107 0.0456
104 105 0.145
104 106 0.0628
104 107 0.0802
104 108 0.0487
105 106 0.146
105 107 0.0615
105 108 0.0762
105 109 0.0458
105 148 0.0159
105 149 0.0175
105 178 0.0181
105 179 0.0811
105 180 0.0193
105 182 0.0237
106 107 0.144
106 108 0.0678
106 109 0.0865
106 110 0.045
106 178 0.0436
106 179 0.102
106 180 0.0406
107 108 0.144
107 109 0.0649
107 110 0.074
107 111 0.0399
107 179 0.0208
108 109 0.146
108 110 0.0631
108 111 0.0796
108 112 0.041
108 113 0.0577
108 114 0.0387
108 178 0.0231
108 179 0.0305
109 110 0.145
109 111 0.0711
109 112 0.0842
109 113 0.0462
109 114 0.0551
109 176 0.0192
109 177 0.06
109 178 0.149
109 179 0.0939
109 180 0.0201
110 111 0.145
110 112 0.0647
110 113 0.0183
110 178 0.0513
110 179 0.0198
111 112 0.144
111 113 0.0605
111 114 0.0165
112 113 0.144
112 114 0.056
112 115 0.018
112 116 0.0304
112 122 0.019
112 123 0.0399
112 124 0.0479
112 177 0.0329
112 178 0.031
113 114 0.145
113 115 0.0397
113 116 0.0736
113 123 0.0194
113 124 0.0268
113 131 0.0163
113 134 0.0231
113 177 0.0203
114 115 0.146
114 116 0.0702
114 123 0.0277
114 124 0.0156
114 149 0.0353
114 152 0.0324
114 153 0.0632
114 176 0.0242
114 177 0.0766
114 178 0.0264
114 179 0.0253
115 116 0.145
115 117 0.0545
115 118 0.0597
115 123 0.0487
115 124 0.0225
115 125 0.0159
115 152 0.0283
115 153 0.128
115 154 0.03
115 157 0.0483
115 158 0.0282
115 176 0.0179
115 177 0.0474
116 117 0.144
116 118 0.058
116 123 0.0532
116 124 0.0758
116 125 0.0551
116 126 0.054
116 127 0.0179
116 130 0.0176
116 131 0.0425
116 153 0.0272
117 118 0.144
117 119 0.0389
117 123 0.0256
117 124 0.0369
117 125 0.102
117 126 0.0862
117 127 0.0476
117 128 0.0388
117 131 0.0307
118 119 0.146
118 120 0.0395
118 121 0.0203
118 123 0.0615
118 124 0.0347
118 125 0.0855
118 126 0.0226
118 157 0.0164
118 158 0.0239
118 161 0.0233
119 120 0.146
119 121 0.0318
119 122 0.0174
119 123 0.0477
119 124 0.0339
119 125 0.111
119 126 0.0176
120 121 0.145
120 122 0.0616
120 123 0.0593
120 124 0.0229
120 125 0.0301
121 122 0.144
121 123 0.0623
121 169 0.0227
121 170 0.0319
121 173 0.0527
121 174 0.0723
121 177 0.0206
122 123 0.145
122 124 0.0339
122 173 0.0219
122 174 0.0646
122 177 0.0425
122 178 0.0208
123 124 0.146
123 125 0.0545
123 173 0.0166
123 174 0.0223
123 177 0.051
124 125 0.143
124 126 0.0602
125 126 0.144
125 127 0.0292
126 127 0.145
126 128 0.0326
126 129 0.0158
126 130 0.0436
126 131 0.025
127 128 0.147
127 129 0.0737
127 130 0.079
127 131 0.0375
127 362 0.019
127 366 0.0371
128 129 0.146
128 130 0.0666
128 131 0.0811
128 132 0.0444
128 362 0.073
128 363 0.0251
128 365 0.0358
128 366 0.0475
129 130 0.145
129 131 0.0669
129 132 0.0883
129 133 0.0442
129 358 0.0168
129 359 0.041
129 362 0.0863
129 363 0.0324
129 366 0.017
130 131 0.144
130 132 0.0696
130 133 0.0815
130 134 0.0448
131 132 0.145
131 133 0.0648
131 134 0.0794
131 135 0.0441
131 304 0.0348
132 133 0.147
132 134 0.0631
132 135 0.0724
132 136 0.0459
132 303 0.0239
132 304 0.0697
132 305 0.0174
132 306 0.0197
132 307 0.0729
132 308 0.0296
132 358 0.0202
132 359 0.0171
132 362 0.024
133 134 0.145
133 135 0.0635
133 136 0.0809
133 137 0.0439
133 307 0.0306
133 308 0.0193
134 135 0.145
134 136 0.063
134 137 0.0671
134 138 0.0446
134 308 0.0179
135 136 0.144
135 137 0.0606
135 138 0.0781
135 139 0.0474
135 146 0.0481
135 149 0.0188
135 150 0.0181
135 304 0.0546
135 305 0.0284
135 307 0.0435
135 308 0.099
135 311 0.0188
136 137 0.146
136 138 0.0629
136 139 0.0663
136 140 0.0472
136 304 0.0183
136 305 0.0163
136 307 0.0751
136 308 0.144
136 309 0.0336
136 310 0.0421
136 311 0.106
136 312 0.0222
137 138 0.145
137 139 0.0573
137 140 0.0781
137 141 0.03
137 308 0.0275
137 311 0.0519
138 139 0.146
138 140 0.0678
138 141 0.0663
138 142 0.0412
138 143 0.0237
138 145 0.0352
138 146 0.0629
138 308 0.0295
138 311 0.0232
139 140 0.146
139 141 0.0848
139 142 0.109
139 143 0.0958
139 144 0.021
139 145 0.0307
139 146 0.0671
139 308 0.078
139 309 0.0417
139 310 0.0182
139 311 0.0644
139 312 0.0647
140 141 0.146
140 142 0.0527
140 143 0.0206
140 308 0.0256
140 309 0.0205
140 310 0.0206
140 311 0.126
140 312 0.113
140 313 0.0217
140 314 0.0277
140 315 0.0569
141 142 0.146
141 143 0.0266
141 145 0.0201
141 311 0.019
141 312 0.0286
141 315 0.0183
142 143 0.146
142 144 0.0664
142 145 0.0624
142 146 0.0375
142 264 0.0177
142 266 0.0179
142 312 0.0274
142 410 0.0166
142 411 0.0303
142 414 0.0193
143 144 0.145
143 145 0.0626
143 146 0.0834
143 147 0.0522
143 264 0.0399
143 308 0.0231
143 309 0.0232
143 312 0.0227
143 411 0.0246
143 414 0.0461
143 415 0.0251
143 418 0.0216
144 145 0.146
144 146 0.0661
144 147 0.086
144 148 0.04
144 264 0.0974
144 265 0.0324
144 266 0.0632
144 267 0.097
144 268 0.0158
144 414 0.024
145 146 0.146
145 147 0.0669
145 148 0.072
145 149 0.0377
145 266 0.0293
145 267 0.0401
146 147 0.145
146 148 0.0661
146 149 0.08
146 150 0.0476
146 305 0.0164
146 308 0.0277
147 148 0.146
147 149 0.0641
147 150 0.0776
147 151 0.046
147 222 0.0246
147 264 0.0159
147 267 0.0249
148 149 0.145
148 150 0.0609
148 151 0.0727
148 152 0.0451
148 222 0.0322
148 223 0.0352
148 267 0.0318
148 268 0.0158
149 150 0.145
149 151 0.0647
149 152 0.0764
149 153 0.0523
149 154 0.0181
150 151 0.146
150 152 0.0604
150 153 0.0702
150 154 0.0693
150 155 0.0341
150 301 0.0629
150 304 0.0314
150 305 0.019
151 152 0.146
151 153 0.0575
151 154 0.0579
151 155 0.0949
151 156 0.0449
151 183 0.0293
151 184 0.0445
151 185 0.0329
151 222 0.0269
151 223 0.0195
151 301 0.0258
152 153 0.146
152 154 0.0458
152 155 0.0487
152 156 0.0758
152 157 0.0468
152 176 0.0254
152 182 0.0333
152 183 0.0666
152 184 0.0326
153 154 0.146
153 155 0.0488
153 156 0.0503
153 157 0.078
153 158 0.0462
153 177 0.0163
153 301 0.0182
154 155 0.147
154 156 0.0508
154 157 0.0442
154 158 0.0805
154 159 0.0232
154 297 0.0537
154 298 0.0246
154 300 0.0617
154 301 0.0817
155 156 0.144
155 157 0.04
155 158 0.0491
155 159 0.0401
155 183 0.0159
155 184 0.025
155 185 0.0508
155 231 0.0196
155 294 0.017
155 297 0.0698
155 298 0.0313
155 300 0.0189
155 301 0.0348
156 157 0.147
156 158 0.0618
156 159 0.0572
156 160 0.0403
156 183 0.0545
156 184 0.039
156 185 0.0394
156 230 0.0193
156 231 0.043
156 297 0.016
157 158 0.146
157 159 0.0549
157 160 0.0711
157 161 0.0495
157 172 0.0175
157 173 0.0456
157 176 0.0323
157 177 0.0193
157 183 0.0178
158 159 0.142
158 160 0.0634
158 161 0.082
158 162 0.0514
158 163 0.0176
158 297 0.0338
158 300 0.0163
159 160 0.145
159 161 0.0672
159 162 0.0745
159 163 0.0717
159 164 0.0351
159 231 0.0162
159 285 0.0189
159 293 0.0253
159 294 0.0172
159 296 0.0161
159 297 0.0398
160 161 0.146
160 162 0.0539
160 163 0.0608
160 164 0.105
160 165 0.0211
160 168 0.0351
160 169 0.0504
160 172 0.02
160 173 0.0243
160 285 0.0277
161 162 0.146
161 163 0.0504
161 164 0.0545
161 165 0.0166
161 168 0.0158
161 169 0.0541
161 173 0.0235
162 163 0.145
162 164 0.047
162 287 0.021
163 164 0.146
163 165 0.0303
163 285 0.0601
163 286 0.0411
163 287 0.102
163 288 0.0594
163 293 0.0223
164 165 0.148
164 166 0.0363
164 167 0.0174
164 168 0.0555
164 169 0.0414
164 284 0.0206
164 285 0.0964
164 286 0.0508
164 287 0.0443
165 166 0.147
165 167 0.0653
165 168 0.0766
165 169 0.0423
165 282 0.0165
165 285 0.0321
165 286 0.0382
165 287 0.0237
166 167 0.145
166 168 0.0678
166 169 0.0824
166 170 0.0466
167 168 0.146
167 169 0.0633
167 170 0.0735
167 171 0.0521
168 169 0.145
168 170 0.0613
168 171 0.0779
168 172 0.0497
168 173 0.0194
168 282 0.0188
168 283 0.0236
169 170 0.146
169 171 0.0603
169 172 0.0591
169 173 0.0666
169 174 0.017
170 171 0.143
170 172 0.0529
170 173 0.0464
170 174 0.0313
171 172 0.147
171 173 0.0397
171 174 0.0263
171 175 0.0198
172 173 0.145
172 174 0.0532
172 175 0.059
172 176 0.0458
172 181 0.019
173 174 0.143
173 175 0.0618
173 176 0.0807
173 177 0.052
174 175 0.145
174 176 0.0623
174 177 0.0759
174 178 0.0403
175 176 0.146
175 177 0.0632
175 178 0.0683
175 179 0.0457
175 180 0.0845
175 181 0.0694
176 177 0.144
176 178 0.0624
176 179 0.0838
176 180 0.0505
176 181 0.0897
176 182 0.0415
176 183 0.0253
177 178 0.146
177 179 0.0643
177 180 0.0218
177 181 0.0172
178 179 0.146
178 180 0.0671
178 181 0.0216
179 180 0.144
179 181 0.073
179 182 0.0455
180 181 0.146
180 182 0.0342
181 182 0.146
181 183 0.0387
181 227 0.0228
181 228 0.0558
181 229 0.0307
182 183 0.148
182 184 0.0294
182 223 0.024
182 226 0.0249
182 227 0.0855
182 228 0.0699
182 229 0.043
183 184 0.148
183 185 0.0295
183 223 0.0333
183 224 0.022
183 227 0.0719
183 228 0.0467
183 229 0.0943
183 230 0.0546
183 231 0.0241
184 185 0.145
184 186 0.0348
184 221 0.0323
184 222 0.0429
184 223 0.0697
184 224 0.0663
184 227 0.0493
184 228 0.0168
184 229 0.0405
184 230 0.0824
184 231 0.0453
185 186 0.146
185 187 0.0437
185 221 0.0378
185 222 0.0236
185 223 0.0156
185 224 0.0197
185 230 0.0517
185 231 0.0916
185 232 0.0495
185 233 0.0165
186 187 0.146
186 188 0.0434
186 189 0.0161
186 218 0.0593
186 219 0.022
186 221 0.0424
186 230 0.0322
186 231 0.0531
186 232 0.113
186 233 0.0471
186 272 0.0331
187 188 0.145
187 189 0.0352
187 196 0.0283
187 218 0.0399
187 219 0.0165
187 221 0.0171
187 232 0.0428
187 233 0.0645
187 234 0.0181
187 294 0.0236
188 189 0.147
188 190 0.0288
188 191 0.0156
188 192 0.0533
188 193 0.0725
188 196 0.0361
188 199 0.0177
188 218 0.0624
188 219 0.0526
188 220 0.0295
188 221 0.0227
189 190 0.144
189 191 0.0644
189 192 0.0908
189 193 0.0437
189 196 0.0186
189 199 0.0297
189 200 0.0212
189 201 0.0172
189 217 0.046
189 218 0.108
189 219 0.0737
189 220 0.0185
190 191 0.146
190 192 0.0555
190 193 0.0263
190 217 0.0229
190 218 0.0307
190 219 0.0473
191 192 0.144
191 193 0.0346
191 199 0.0203
191 200 0.017
192 193 0.147
192 194 0.043
192 195 0.0655
192 196 0.0668
192 197 0.0179
192 198 0.0387
192 199 0.0512
192 200 0.0176
193 194 0.146
193 195 0.0626
193 196 0.0473
194 195 0.145
194 196 0.0447
194 423 0.0392
194 424 0.0215
194 427 0.0251
195 196 0.145
195 197 0.0724
195 198 0.0513
195 199 0.0209
196 197 0.145
196 198 0.0692
196 199 0.0689
196 291 0.0185
197 198 0.146
197 199 0.0575
197 291 0.0301
198 199 0.143
198 200 0.0345
199 200 0.145
199 201 0.0514
199 234 0.0237
199 235 0.0281
200 201 0.144
200 202 0.0435
200 216 0.0356
200 217 0.0171
200 234 0.0202
200 235 0.0249
201 202 0.146
201 203 0.0295
201 214 0.0262
201 215 0.0548
201 216 0.124
201 217 0.04
201 218 0.0188
201 233 0.0201
201 234 0.0773
201 235 0.0451
202 203 0.15
202 204 0.0398
202 213 0.018
202 214 0.057
202 215 0.065
202 216 0.0405
202 234 0.0745
202 235 0.0901
202 236 0.0521
202 237 0.0195
203 204 0.145
203 205 0.037
203 212 0.0532
203 213 0.0664
203 214 0.109
203 215 0.037
203 234 0.0559
203 235 0.054
203 236 0.0864
203 237 0.0268
204 205 0.148
204 206 0.0369
204 212 0.068
204 213 0.0747
204 214 0.0363
204 236 0.0492
204 237 0.0439
205 206 0.147
205 207 0.0442
205 210 0.0204
205 211 0.046
205 212 0.103
205 213 0.0371
205 236 0.0219
205 237 0.0218
206 207 0.144
206 208 0.0614
206 209 0.0473
206 210 0.0511
206 211 0.0737
206 212 0.0596
206 213 0.0262
207 208 0.144
207 209 0.0586
207 210 0.0801
207 211 0.0332
208 209 0.145
208 210 0.0506
208 211 0.0187
209 210 0.144
209 211 0.0622
209 280 0.0173
210 211 0.147
210 212 0.026
210 280 0.0446
210 281 0.0598
211 212 0.15
211 213 0.0329
211 278 0.038
211 279 0.0648
211 280 0.121
211 281 0.0812
212 213 0.148
212 214 0.0427
212 277 0.0186
212 278 0.0566
212 279 0.0769
212 280 0.043
212 281 0.0323
213 214 0.147
213 215 0.0353
213 276 0.0668
213 277 0.0691
213 278 0.0978
213 279 0.0427
214 215 0.147
214 216 0.0331
214 234 0.0236
214 274 0.0431
214 275 0.0284
214 276 0.0755
214 277 0.0837
214 278 0.0388
214 279 0.025
215 216 0.147
215 217 0.0251
215 273 0.0185
215 274 0.0806
215 275 0.0744
215 276 0.0872
215 277 0.0359
216 217 0.147
216 218 0.0302
216 234 0.0156
216 272 0.0157
216 273 0.0441
216 274 0.0714
216 275 0.0333
216 276 0.0164
217 218 0.148
217 219 0.0359
217 271 0.029
217 272 0.0578
217 273 0.102
217 274 0.0467
218 219 0.146
218 220 0.027
218 221 0.03
218 271 0.0667
218 272 0.0885
218 273 0.0408
219 220 0.146
219 221 0.0684
219 270 0.0416
219 271 0.117
219 272 0.0401
220 221 0.147
220 222 0.0407
220 258 0.0222
220 269 0.0469
220 270 0.0592
220 271 0.0482
221 222 0.148
221 223 0.0401
221 224 0.0573
221 269 0.0671
221 270 0.0739
221 271 0.059
221 272 0.0262
222 223 0.146
222 224 0.0587
222 225 0.0163
222 267 0.0299
222 268 0.0536
222 269 0.119
222 270 0.0399
223 224 0.143
223 225 0.052
223 226 0.0611
223 227 0.0643
223 267 0.0266
223 268 0.0796
223 269 0.0637
223 270 0.0272
224 225 0.141
224 226 0.0648
224 227 0.085
224 228 0.0158
224 230 0.0241
224 255 0.0577
224 256 0.0197
224 257 0.0206
224 268 0.027
224 269 0.046
224 270 0.0647
224 271 0.0394
224 272 0.0353
225 226 0.145
225 227 0.0518
225 254 0.0162
225 255 0.0847
225 256 0.0551
225 257 0.0618
225 268 0.0351
225 269 0.036
225 270 0.0582
225 271 0.0234
226 227 0.146
226 228 0.0337
226 255 0.0165
226 268 0.0284
227 228 0.148
227 229 0.0619
227 230 0.0307
227 248 0.0282
228 229 0.144
228 230 0.0303
228 247 0.05
228 248 0.0823
229 230 0.146
229 231 0.033
229 245 0.0313
229 246 0.0516
229 247 0.0907
229 248 0.0452
230 231 0.145
230 232 0.0512
230 244 0.0196
230 245 0.0568
230 246 0.0843
230 247 0.0447
230 248 0.0206
231 232 0.146
231 233 0.0323
231 243 0.038
231 244 0.0583
231 245 0.0822
231 246 0.0377
232 233 0.148
232 234 0.0404
232 242 0.016
232 243 0.0605
232 244 0.0766
232 245 0.0378
232 246 0.0261
233 234 0.147
233 235 0.0286
233 241 0.04
233 242 0.059
233 243 0.1
233 244 0.0418
233 294 0.0232
234 235 0.147
234 236 0.0393
234 241 0.0661
234 242 0.0583
234 243 0.0364
234 244 0.0219
235 236 0.149
235 237 0.0319
235 238 0.0176
235 239 0.0546
235 240 0.0578
235 241 0.119
235 242 0.0414
235 290 0.0158
236 237 0.146
236 238 0.0652
236 239 0.0724
236 240 0.0628
236 241 0.0494
236 242 0.0316
237 238 0.144
237 239 0.0743
237 240 0.0251
238 239 0.143
238 240 0.0648
239 240 0.145
239 241 0.0377
240 241 0.148
240 242 0.041
240 289 0.0433
240 290 0.0812
241 242 0.145
241 243 0.0296
241 289 0.0533
241 290 0.121
241 291 0.0371
242 243 0.148
242 244 0.0373
242 284 0.0264
242 285 0.0294
242 286 0.0156
242 288 0.0285
242 289 0.0662
242 290 0.0439
242 293 0.0178
243 244 0.147
243 245 0.0302
243 284 0.0503
243 285 0.0703
243 286 0.0163
243 288 0.0207
243 289 0.0205
243 293 0.022
243 294 0.0173
244 245 0.147
244 246 0.043
244 279 0.0217
244 283 0.0531
244 284 0.102
244 285 0.05
245 246 0.147
245 247 0.0342
245 279 0.0202
245 283 0.0793
245 284 0.0434
245 285 0.0241
246 247 0.147
246 248 0.0312
246 250 0.0264
246 279 0.0325
246 283 0.0262
247 248 0.147
247 249 0.0424
247 250 0.0494
248 249 0.147
248 250 0.0566
248 253 0.0233
249 250 0.146
249 251 0.0437
249 253 0.0306
249 254 0.0157
250 251 0.146
250 252 0.0402
250 253 0.0579
250 277 0.0313
250 278 0.0215
251 252 0.146
251 253 0.0616
251 275 0.0165
251 276 0.0168
251 277 0.0496
251 278 0.0242
252 253 0.145
252 254 0.0363
252 273 0.0203
252 274 0.0609
252 275 0.1
252 276 0.0524
252 277 0.0813
252 278 0.0171
253 254 0.147
253 255 0.0295
253 272 0.0278
253 273 0.0521
253 274 0.0879
253 275 0.039
253 276 0.0162
253 277 0.0447
254 255 0.147
254 256 0.0409
254 271 0.0196
254 272 0.0515
254 273 0.0743
254 274 0.0355
255 256 0.145
255 257 0.0369
255 270 0.0469
255 271 0.0779
255 272 0.0959
255 273 0.0456
256 257 0.146
256 258 0.0352
256 270 0.0661
256 271 0.0607
256 272 0.0261
256 273 0.0176
257 258 0.147
257 259 0.042
257 268 0.0251
257 269 0.0527
257 270 0.133
257 271 0.037
258 259 0.146
258 260 0.0299
258 261 0.025
258 269 0.052
258 270 0.0924
258 271 0.027
259 260 0.146
259 261 0.0578
260 261 0.146
260 262 0.0399
261 262 0.147
261 263 0.0676
261 264 0.0264
261 265 0.0446
262 263 0.145
262 264 0.0281
262 265 0.0363
262 413 0.0342
262 414 0.0188
263 264 0.145
263 265 0.0673
263 410 0.0195
263 413 0.0712
263 414 0.0982
263 415 0.0205
263 416 0.028
263 417 0.0461
264 265 0.145
264 266 0.0594
264 267 0.0642
264 413 0.0212
264 414 0.0776
264 417 0.026
265 266 0.146
265 267 0.0686
265 268 0.0233
265 414 0.0182
266 267 0.143
266 268 0.033
267 268 0.148
267 269 0.0432
268 269 0.146
268 270 0.0312
269 270 0.15
269 271 0.0261
270 271 0.151
270 272 0.0305
271 272 0.148
271 273 0.0447
272 273 0.148
272 274 0.0399
273 274 0.148
273 275 0.039
274 275 0.15
274 276 0.051
274 277 0.0568
275 276 0.149
275 277 0.0587
276 277 0.146
276 278 0.0409
277 278 0.148
277 279 0.0419
278 279 0.145
278 280 0.0342
279 280 0.144
279 281 0.035
279 283 0.0386
279 284 0.0188
280 281 0.144
280 282 0.0652
280 283 0.064
280 284 0.0247
281 282 0.144
281 283 0.0682
281 284 0.0631
282 283 0.145
282 284 0.06
282 285 0.0182
283 284 0.143
283 285 0.038
284 285 0.145
284 286 0.0541
285 286 0.144
285 287 0.0489
285 288 0.0376
286 287 0.146
286 288 0.0553
286 289 0.018
287 288 0.145
287 289 0.0262
288 289 0.148
288 290 0.0275
288 292 0.0265
288 293 0.0561
289 290 0.147
289 291 0.0331
289 292 0.0376
289 293 0.0423
290 291 0.145
290 292 0.0607
290 293 0.037
290 294 0.0171
291 292 0.144
291 293 0.063
291 294 0.0579
291 295 0.0498
292 293 0.145
292 294 0.0515
292 295 0.0717
292 296 0.0502
293 294 0.146
293 295 0.0641
293 296 0.0719
293 297 0.0387
294 295 0.145
294 296 0.0633
294 297 0.0774
294 298 0.0456
295 296 0.145
295 297 0.0691
295 298 0.0839
295 299 0.0467
296 297 0.146
296 298 0.0612
296 299 0.07
296 300 0.0375
297 298 0.147
297 299 0.0632
297 300 0.0701
297 301 0.042
298 299 0.145
298 300 0.0647
298 301 0.0818
298 302 0.0528
298 422 0.0364
299 300 0.145
299 301 0.0641
299 302 0.0792
299 303 0.0466
299 372 0.0415
299 375 0.035
299 376 0.0165
300 301 0.144
300 302 0.0597
300 303 0.0719
300 304 0.0324
301 302 0.144
301 303 0.0672
301 304 0.0682
301 305 0.039
301 422 0.0174
302 303 0.147
302 304 0.0659
302 305 0.087
302 306 0.0433
302 375 0.0347
302 376 0.0204
302 379 0.0454
302 422 0.0332
303 304 0.145
303 305 0.0656
303 306 0.0717
303 307 0.0284
303 358 0.0166
303 361 0.0157
303 362 0.0168
303 375 0.0518
303 378 0.0177
303 379 0.0285
304 305 0.145
304 306 0.0645
304 307 0.0629
304 308 0.0481
305 306 0.144
305 307 0.0684
305 308 0.0923
305 309 0.0478
305 379 0.0364
305 383 0.019
305 418 0.0182
306 307 0.146
306 308 0.0546
306 309 0.0447
306 310 0.0261
306 354 0.0182
306 358 0.0362
306 375 0.021
306 378 0.0558
306 379 0.0888
306 380 0.0163
306 381 0.0161
306 382 0.0543
306 383 0.0289
307 308 0.147
307 309 0.0564
307 310 0.0632
307 311 0.0297
307 354 0.0188
307 355 0.0301
307 358 0.0429
307 382 0.0197
308 309 0.146
308 310 0.0657
308 311 0.0675
308 312 0.0307
309 310 0.146
309 311 0.0687
309 312 0.0769
309 313 0.0458
309 382 0.0381
309 383 0.0484
309 386 0.0515
309 415 0.023
309 418 0.0175
310 311 0.145
310 312 0.0669
310 313 0.0914
310 314 0.0504
310 351 0.0466
310 354 0.0279
310 355 0.028
310 382 0.0335
310 383 0.017
310 386 0.0437
311 312 0.146
311 313 0.0655
311 314 0.0774
311 315 0.0447
312 313 0.145
312 314 0.0646
312 315 0.0818
312 316 0.0436
312 386 0.0289
312 390 0.0195
312 411 0.0414
313 314 0.145
313 315 0.0661
313 316 0.0802
313 317 0.0453
313 347 0.02
313 351 0.0302
313 385 0.017
313 386 0.0865
313 387 0.0225
313 389 0.0496
313 390 0.0449
313 411 0.0167
314 315 0.146
314 316 0.068
314 317 0.0837
314 318 0.0502
314 348 0.0168
314 351 0.0291
315 316 0.146
315 317 0.0622
315 318 0.0745
315 319 0.0474
315 408 0.0183
316 317 0.144
316 318 0.0615
316 319 0.0728
316 320 0.0508
316 389 0.031
316 390 0.061
316 393 0.0551
316 394 0.017
316 408 0.0536
316 411 0.0225
317 318 0.146
317 319 0.0614
317 320 0.0751
317 321 0.0525
317 344 0.0328
317 347 0.0388
317 348 0.0251
317 389 0.0256
317 390 0.0194
317 393 0.0365
318 319 0.146
318 320 0.0601
318 321 0.0743
318 322 0.0479
319 320 0.146
319 321 0.0629
319 322 0.0729
319 323 0.0512
319 393 0.0209
319 406 0.0172
319 408 0.0225
320 321 0.145
320 322 0.0607
320 323 0.0749
320 324 0.0507
320 344 0.019
320 393 0.0724
320 394 0.0198
320 396 0.0436
320 397 0.0362
321 322 0.147
321 323 0.0608
321 324 0.0762
321 325 0.0412
321 335 0.026
321 344 0.0313
322 323 0.146
322 324 0.0669
322 325 0.0746
322 326 0.0435
323 324 0.146
323 325 0.0638
323 326 0.0743
323 327 0.0579
323 334 0.0168
323 396 0.0164
323 397 0.031
324 325 0.144
324 326 0.0589
324 327 0.0668
324 328 0.0189
324 333 0.0433
324 334 0.0942
324 335 0.0908
324 340 0.0207
324 396 0.0259
324 397 0.0213
325 326 0.146
325 327 0.0528
325 328 0.0201
325 333 0.0692
325 334 0.0431
325 335 0.0684
325 336 0.0174
326 327 0.145
326 328 0.0398
326 333 0.0411
326 334 0.0194
327 328 0.148
327 329 0.0339
327 332 0.0163
327 333 0.0601
327 334 0.0481
328 329 0.145
328 330 0.0314
328 331 0.0465
328 332 0.0756
328 333 0.108
328 334 0.0491
329 330 0.145
329 331 0.0684
329 332 0.0623
329 333 0.0414
329 334 0.0408
330 331 0.144
330 332 0.0592
330 333 0.0155
331 332 0.143
331 333 0.0259
332 333 0.145
332 334 0.04
332 335 0.0156
332 336 0.0329
333 334 0.146
333 335 0.0711
333 336 0.0606
333 337 0.019
334 335 0.145
334 336 0.0663
334 337 0.0537
334 340 0.0327
335 336 0.143
335 337 0.0656
335 338 0.0201
335 340 0.0564
335 341 0.0464
336 337 0.146
336 338 0.0362
336 340 0.0233
336 341 0.0254
337 338 0.145
337 339 0.0617
337 340 0.0656
337 341 0.041
338 339 0.145
338 340 0.0646
338 341 0.0807
338 342 0.0479
339 340 0.145
339 341 0.0615
339 342 0.0736
339 343 0.0387
340 341 0.146
340 342 0.0651
340 343 0.0715
340 344 0.0413
340 396 0.0279
341 342 0.145
341 343 0.0632
341 344 0.0783
341 345 0.0462
342 343 0.145
342 344 0.0645
342 345 0.0787
342 346 0.0459
343 344 0.145
343 345 0.0642
343 346 0.0764
343 347 0.0452
343 392 0.0304
343 393 0.0165
344 345 0.145
344 346 0.062
344 347 0.0768
344 348 0.046
345 346 0.145
345 347 0.0654
345 348 0.0764
345 349 0.0465
346 347 0.144
346 348 0.0603
346 349 0.0705
346 350 0.0412
346 389 0.016
347 348 0.147
347 349 0.0617
347 350 0.0632
347 351 0.0436
347 385 0.0156
347 389 0.0568
348 349 0.146
348 350 0.0575
348 351 0.0691
348 352 0.0475
349 350 0.147
349 351 0.0609
349 352 0.073
349 353 0.0441
350 351 0.144
350 352 0.0634
350 353 0.0732
350 354 0.0482
350 382 0.0166
350 385 0.0354
350 386 0.0159
351 352 0.146
351 353 0.0619
351 354 0.079
351 355 0.0461
351 382 0.018
351 385 0.0185
351 386 0.0204
352 353 0.146
352 354 0.0636
352 355 0.069
352 356 0.0387
353 354 0.146
353 355 0.06
353 356 0.0629
353 357 0.044
354 355 0.145
354 356 0.0582
354 357 0.0719
354 358 0.0478
354 378 0.0249
354 381 0.0212
354 382 0.0482
355 356 0.146
355 357 0.0632
355 358 0.0795
355 359 0.0461
356 357 0.148
356 358 0.0671
356 359 0.0819
356 360 0.0434
357 358 0.145
357 359 0.0648
357 360 0.0754
357 361 0.0452
357 378 0.0251
358 359 0.146
358 360 0.065
358 361 0.0821
358 362 0.0474
358 378 0.0288
359 360 0.147
359 361 0.0644
359 362 0.0797
359 363 0.0435
360 361 0.146
360 362 0.0672
360 363 0.0783
360 364 0.0462
361 362 0.145
361 363 0.0629
361 364 0.081
361 365 0.0486
361 370 0.0407
361 374 0.0278
361 375 0.0231
362 363 0.146
362 364 0.0665
362 365 0.0825
362 366 0.0437
362 370 0.0185
363 364 0.145
363 365 0.0642
363 366 0.0729
363 367 0.0394
364 365 0.145
364 366 0.063
364 367 0.0804
364 368 0.0423
364 369 0.0843
364 370 0.0806
365 366 0.145
365 367 0.0715
365 368 0.0805
365 369 0.057
365 370 0.0961
365 371 0.0164
366 367 0.143
366 368 0.058
366 369 0.021
366 370 0.0165
367 368 0.143
367 369 0.0668
367 370 0.0216
368 369 0.142
368 370 0.0527
369 370 0.146
369 371 0.0384
370 371 0.145
370 372 0.0301
370 374 0.0376
370 375 0.0222
371 372 0.143
371 373 0.0683
371 374 0.068
371 375 0.0352
372 373 0.145
372 374 0.0625
372 375 0.0775
372 376 0.0484
373 374 0.146
373 375 0.0674
373 376 0.0894
373 377 0.048
373 428 0.0164
373 431 0.0327
373 432 0.0448
373 435 0.0258
374 375 0.146
374 376 0.0655
374 377 0.0751
374 378 0.0394
375 376 0.145
375 377 0.0633
375 378 0.0674
375 379 0.0506
376 377 0.146
376 378 0.0601
376 379 0.075
376 380 0.0509
376 428 0.068
376 429 0.0186
376 431 0.026
376 432 0.0249
377 378 0.147
377 379 0.0575
377 380 0.0678
377 381 0.048
377 428 0.0307
377 429 0.0199
377 432 0.0276
378 379 0.144
378 380 0.0666
378 381 0.0827
378 382 0.0581
378 383 0.0174
379 380 0.147
379 381 0.0597
379 382 0.0621
379 383 0.0519
379 419 0.0157
379 425 0.0183
379 428 0.0186
380 381 0.148
380 382 0.0529
380 383 0.0589
380 384 0.0447
380 419 0.0241
380 424 0.0215
380 425 0.0806
380 426 0.0186
380 428 0.0469
380 429 0.0237
381 382 0.149
381 383 0.0577
381 384 0.0648
381 385 0.0493
381 425 0.0177
382 383 0.145
382 384 0.0615
382 385 0.0772
382 386 0.0557
383 384 0.146
383 385 0.0606
383 386 0.0738
383 387 0.0471
383 415 0.03
383 418 0.0363
383 419 0.0764
383 425 0.0188
384 385 0.146
384 386 0.0611
384 387 0.0738
384 388 0.043
384 419 0.0434
384 425 0.0265
385 386 0.146
385 387 0.0657
385 388 0.0767
385 389 0.0479
386 387 0.146
386 388 0.0628
386 389 0.0825
386 390 0.0468
386 415 0.0268
387 388 0.146
387 389 0.0661
387 390 0.0774
387 391 0.045
387 411 0.0164
387 412 0.0493
387 415 0.0677
387 416 0.0346
387 419 0.0225
388 389 0.144
388 390 0.064
388 391 0.0802
388 392 0.0473
388 412 0.0161
389 390 0.146
389 391 0.0644
389 392 0.0779
389 393 0.0483
390 391 0.144
390 392 0.0631
390 393 0.0802
390 394 0.0472
390 408 0.0399
390 409 0.0222
390 411 0.0395
390 412 0.0881
390 415 0.0184
391 392 0.145
391 393 0.0647
391 394 0.0825
391 395 0.041
391 408 0.0162
391 409 0.0182
391 412 0.0535
392 393 0.146
392 394 0.0674
392 395 0.0786
392 396 0.0413
393 394 0.144
393 395 0.0677
393 396 0.0794
393 397 0.0383
393 401 0.0207
393 408 0.0333
394 395 0.146
394 396 0.0602
394 397 0.0649
394 398 0.0336
394 401 0.0955
394 402 0.0298
394 408 0.0539
394 409 0.0452
394 412 0.023
395 396 0.143
395 397 0.0651
395 398 0.0728
395 399 0.0156
395 401 0.0379
396 397 0.146
396 398 0.0631
396 401 0.0249
397 398 0.144
397 399 0.0388
397 400 0.0633
397 401 0.107
397 402 0.0163
398 399 0.145
398 400 0.0646
398 401 0.0742
398 402 0.0215
399 400 0.146
399 401 0.0703
399 402 0.0493
399 403 0.0203
400 401 0.146
400 402 0.0631
400 403 0.0623
400 406 0.0326
401 402 0.144
401 403 0.0604
401 404 0.019
401 406 0.0393
401 407 0.0176
401 408 0.0396
401 409 0.0448
402 403 0.145
402 404 0.0364
402 406 0.0192
402 408 0.0196
402 409 0.0614
403 404 0.146
403 405 0.0695
403 406 0.0561
403 407 0.0277
403 408 0.0172
403 409 0.0363
404 405 0.144
404 406 0.0743
404 407 0.0948
404 408 0.0292
404 409 0.0512
404 410 0.0494
405 406 0.144
405 407 0.0643
406 407 0.143
406 408 0.0558
406 409 0.025
407 408 0.142
407 409 0.0612
407 410 0.0709
407 411 0.036
408 409 0.145
408 410 0.0662
408 411 0.0736
408 412 0.0455
409 410 0.145
409 411 0.0634
409 412 0.0813
409 413 0.0487
410 411 0.146
410 412 0.0629
410 413 0.0734
410 414 0.0495
411 412 0.145
411 413 0.0628
411 414 0.0817
411 415 0.0485
412 413 0.145
412 414 0.0631
412 415 0.0705
412 416 0.0349
413 414 0.146
413 415 0.061
413 416 0.0635
413 417 0.0239
414 415 0.146
414 416 0.0639
414 417 0.0567
414 418 0.0368
415 416 0.144
415 417 0.0683
415 418 0.0922
415 419 0.0505
416 417 0.145
416 418 0.0594
416 419 0.0671
416 420 0.0366
417 418 0.144
417 419 0.0668
417 420 0.0808
417 421 0.0485
418 419 0.147
418 420 0.0668
418 421 0.061
418 422 0.0198
419 420 0.143
419 421 0.044
419 423 0.0182
419 424 0.0458
419 425 0.0441
420 421 0.145
420 422 0.0317
420 423 0.0434
420 424 0.107
420 425 0.0346
421 422 0.144
421 423 0.0698
421 424 0.0469
422 423 0.145
422 424 0.0328
423 424 0.149
423 425 0.0351
423 426 0.0179
423 427 0.0515
423 428 0.0383
424 425 0.148
424 426 0.0685
424 427 0.0757
424 428 0.0408
425 426 0.145
425 427 0.0561
425 428 0.0671
425 429 0.0405
426 427 0.145
426 428 0.0734
426 429 0.097
426 430 0.0437
427 428 0.147
427 429 0.0681
427 430 0.0776
427 431 0.0428
427 442 0.0198
428 429 0.145
428 430 0.0669
428 431 0.0846
428 432 0.0422
429 430 0.144
429 431 0.0638
429 432 0.0735
429 433 0.0485
430 431 0.144
430 432 0.0678
430 433 0.0927
430 434 0.0481
430 440 0.0221
430 441 0.0433
430 442 0.0363
431 432 0.146
431 433 0.0625
431 434 0.0701
431 435 0.0428
431 440 0.0166
432 433 0.146
432 434 0.0673
432 435 0.0861
432 436 0.0478
433 434 0.146
433 435 0.0638
433 436 0.0739
433 437 0.0484
433 438 0.019
433 439 0.0223
433 440 0.0211
433 441 0.0216
434 435 0.146
434 436 0.063
434 437 0.0715
434 438 0.0794
434 439 0.083
434 440 0.0764
434 441 0.0308
435 436 0.144
435 437 0.0548
435 438 0.06
435 439 0.0208
436 437 0.145
436 438 0.0469
436 439 0.0163
437 438 0.146
437 439 0.0715
437 440 0.0161
438 439 0.144
438 440 0.0317
439 440 0.146
439 441 0.0368
440 441 0.145
440 442 0.051
440 443 0.0246
440 446 0.017
441 442 0.145
441 443 0.0593
441 444 0.0273
442 443 0.146
442 444 0.0277
443 444 0.147
443 445 0.0382
443 446 0.0369
444 445 0.145
444 446 0.0478
445 446 0.144
