# Reciprocal collectivity of fluctuations=  3.0
# kappa=  1.000
# Frequency reported in internal units: 0.156 ps^(-1), kT/h/ is 2.47 internal units (om-2)= 0.164
#mode pc_therm cumul om-2(harm)  RMSD  Coll_cart Coll_MW Coll_tors Max_dev_atom
    0  0.5983 0.598  5.022e+04      3.8  0.119 0.027 0.029  104.723
    1  0.2876 0.886  2.414e+04     2.64  0.058 0.023 0.026  68.436
    2  0.0564 0.942     4733     1.17  0.145 0.038 0.027  24.081
    3  0.0206 0.963     1727    0.705  0.231 0.041 0.032  14.904
    4  0.0172 0.980     1440    0.644  0.261 0.039 0.028  8.759
    5  0.0065 0.986    543.1    0.395  0.055 0.043 0.022  15.744
    6  0.0052 0.992    440.5    0.356  0.077 0.038 0.039  13.420
    7  0.0028 0.995    233.3    0.259  0.063 0.045 0.033  6.131
    8  0.0012 0.996    104.2    0.173  0.072 0.044 0.029  3.465
    9  0.0007 0.996    61.54    0.133  0.059 0.043 0.032  4.854
   10  0.0005 0.997    42.87    0.111  0.056 0.034 0.033  2.847
   11  0.0004 0.997    34.46   0.0996  0.055 0.037 0.046  2.638
   12  0.0003 0.998    21.48   0.0786  0.044 0.039 0.034  2.837
   13  0.0002 0.998    18.79   0.0735  0.055 0.052 0.034  2.159
   14  0.0002 0.998    15.07   0.0659  0.044 0.124 0.053  2.794
   15  0.0002 0.998    14.69    0.065  0.032 0.129 0.039  3.298
   16  0.0001 0.998       12   0.0588  0.034 0.039 0.032  3.189
   17  0.0001 0.999    9.358   0.0519  0.065 0.043 0.032  1.208
   18  0.0001 0.999    8.358    0.049  0.030 0.034 0.037  1.886
   19  0.0001 0.999    7.451   0.0463  0.024 0.241 0.030  2.076
   20  0.0001 0.999    7.363    0.046  0.060 0.079 0.042  1.209
   21  0.0001 0.999    6.476   0.0432  0.037 0.040 0.043  1.598
   22  0.0001 0.999    5.347   0.0392  0.053 0.047 0.038  1.431
   23  0.0001 0.999    4.247    0.035  0.075 0.197 0.038  0.990
   24  0.0000 0.999    3.999   0.0339  0.023 0.026 0.027  1.738
   25  0.0000 0.999    3.958   0.0338  0.056 0.055 0.036  0.788
   26  0.0000 0.999    3.615   0.0323  0.187 0.330 0.125  0.676
   27  0.0000 0.999    3.453   0.0315  0.058 0.058 0.040  1.048
   28  0.0000 0.999    3.225   0.0305  0.028 0.036 0.036  1.465
   29  0.0000 0.999    3.105   0.0299  0.048 0.045 0.056  0.808
   30  0.0000 0.999    2.776   0.0283  0.023 0.031 0.029  1.443
   31  0.0000 0.999    2.338   0.0259  0.035 0.127 0.018  1.435
   32  0.0000 0.999    2.188   0.0251  0.034 0.036 0.035  1.086
   33  0.0000 0.999    2.148   0.0249  0.047 0.033 0.020  0.797
   34  0.0000 0.999    1.898   0.0234  0.037 0.038 0.032  0.959
   35  0.0000 0.999    1.759   0.0225  0.140 0.254 0.083  0.658
   36  0.0000 0.999    1.554   0.0212  0.123 0.143 0.057  0.854
   37  0.0000 0.999    1.506   0.0208  0.083 0.069 0.037  0.689
   38  0.0000 0.999    1.452   0.0204  0.087 0.091 0.045  0.600
   39  0.0000 0.999    1.351   0.0197  0.117 0.245 0.073  0.491
   40  0.0000 0.999    1.334   0.0196  0.071 0.058 0.044  0.538
   41  0.0000 0.999    1.183   0.0185  0.269 0.344 0.106  0.301
   42  0.0000 0.999    1.171   0.0184  0.019 0.023 0.011  1.200
   43  0.0000 1.000    1.149   0.0182  0.016 0.022 0.013  0.951
   44  0.0000 1.000   0.9576   0.0166  0.084 0.098 0.043  0.678
   45  0.0000 1.000   0.9456   0.0165  0.240 0.302 0.135  0.336
   46  0.0000 1.000   0.8498   0.0156  0.058 0.050 0.025  0.670
   47  0.0000 1.000   0.8054   0.0152  0.022 0.019 0.016  0.854
   48  0.0000 1.000    0.773   0.0149  0.040 0.038 0.026  0.422
   49  0.0000 1.000   0.7411   0.0146  0.097 0.208 0.062  0.329
   50  0.0000 1.000    0.734   0.0145  0.159 0.166 0.078  0.291
   51  0.0000 1.000   0.7035   0.0142  0.068 0.066 0.030  0.586
   52  0.0000 1.000   0.6915   0.0141  0.230 0.260 0.101  0.279
   53  0.0000 1.000   0.6675   0.0139  0.043 0.041 0.031  0.448
   54  0.0000 1.000   0.6217   0.0134  0.183 0.177 0.062  0.280
   55  0.0000 1.000   0.5477   0.0126  0.291 0.272 0.102  0.289
   56  0.0000 1.000   0.5314   0.0124  0.316 0.313 0.190  0.218
   57  0.0000 1.000   0.4951   0.0119  0.077 0.070 0.014  0.491
   58  0.0000 1.000   0.4949   0.0119  0.156 0.148 0.022  0.403
   59  0.0000 1.000   0.4858   0.0118  0.039 0.031 0.026  0.369
   60  0.0000 1.000    0.473   0.0117  0.018 0.017 0.014  0.528
   61  0.0000 1.000   0.4638   0.0116  0.109 0.122 0.059  0.316
   62  0.0000 1.000   0.4443   0.0113  0.245 0.254 0.170  0.194
   63  0.0000 1.000   0.4316   0.0111  0.004 0.005 0.007  0.806
   64  0.0000 1.000    0.431   0.0111  0.233 0.250 0.198  0.283
   65  0.0000 1.000   0.4161   0.0109  0.198 0.223 0.081  0.230
   66  0.0000 1.000   0.3844   0.0105  0.171 0.200 0.133  0.220
   67  0.0000 1.000   0.3788   0.0104  0.024 0.020 0.017  0.372
   68  0.0000 1.000   0.3447  0.00996  0.026 0.027 0.013  0.435
   69  0.0000 1.000   0.3425  0.00993  0.276 0.259 0.217  0.157
   70  0.0000 1.000   0.3391  0.00988  0.265 0.235 0.195  0.234
   71  0.0000 1.000   0.3284  0.00972  0.157 0.200 0.147  0.192
   72  0.0000 1.000   0.3283  0.00972  0.016 0.017 0.023  0.549
   73  0.0000 1.000   0.3126  0.00948  0.250 0.265 0.198  0.153
   74  0.0000 1.000   0.3053  0.00937  0.021 0.020 0.018  0.479
   75  0.0000 1.000   0.2921  0.00917  0.248 0.260 0.241  0.155
   76  0.0000 1.000   0.2779  0.00894  0.250 0.285 0.227  0.166
   77  0.0000 1.000   0.2737  0.00887  0.291 0.318 0.193  0.214
   78  0.0000 1.000   0.2661  0.00875  0.278 0.277 0.226  0.240
   79  0.0000 1.000   0.2632   0.0087  0.023 0.022 0.022  0.448
   80  0.0000 1.000   0.2566  0.00859  0.009 0.010 0.013  0.517
   81  0.0000 1.000   0.2548  0.00856  0.118 0.135 0.103  0.353
   82  0.0000 1.000   0.2495  0.00847  0.274 0.292 0.219  0.134
   83  0.0000 1.000   0.2423  0.00835  0.033 0.033 0.020  0.405
   84  0.0000 1.000   0.2396   0.0083  0.236 0.277 0.164  0.152
   85  0.0000 1.000   0.2381  0.00828  0.006 0.009 0.007  0.814
   86  0.0000 1.000   0.2352  0.00823  0.294 0.310 0.229  0.138
   87  0.0000 1.000   0.2306  0.00815  0.230 0.273 0.228  0.144
   88  0.0000 1.000   0.2305  0.00814  0.282 0.323 0.211  0.163
   89  0.0000 1.000   0.2218  0.00799  0.379 0.334 0.253  0.121
   90  0.0000 1.000   0.2165  0.00789  0.203 0.158 0.048  0.179
   91  0.0000 1.000   0.2133  0.00784  0.025 0.021 0.019  0.320
   92  0.0000 1.000   0.2093  0.00776  0.275 0.310 0.128  0.124
   93  0.0000 1.000   0.2015  0.00761  0.251 0.254 0.226  0.161
   94  0.0000 1.000   0.1946  0.00748  0.286 0.311 0.194  0.109
   95  0.0000 1.000   0.1901   0.0074  0.309 0.317 0.185  0.140
   96  0.0000 1.000   0.1884  0.00736  0.293 0.341 0.235  0.174
   97  0.0000 1.000   0.1866  0.00733  0.221 0.253 0.240  0.189
   98  0.0000 1.000   0.1831  0.00726  0.187 0.201 0.151  0.240
   99  0.0000 1.000   0.1811  0.00722  0.165 0.176 0.126  0.265
  100  0.0000 1.000   0.1762  0.00712  0.012 0.013 0.016  0.358
  101  0.0000 1.000   0.1746  0.00709  0.174 0.203 0.187  0.214
  102  0.0000 1.000   0.1707  0.00701  0.193 0.234 0.194  0.211
  103  0.0000 1.000   0.1699  0.00699  0.186 0.222 0.129  0.243
  104  0.0000 1.000   0.1664  0.00692  0.230 0.291 0.219  0.215
  105  0.0000 1.000    0.165  0.00689  0.177 0.201 0.163  0.202
  106  0.0000 1.000   0.1591  0.00677  0.012 0.012 0.010  0.366
  107  0.0000 1.000   0.1587  0.00676  0.309 0.325 0.237  0.098
  108  0.0000 1.000   0.1563  0.00671  0.197 0.247 0.154  0.141
  109  0.0000 1.000   0.1546  0.00667  0.228 0.264 0.194  0.135
  110  0.0000 1.000   0.1517  0.00661  0.227 0.273 0.196  0.119
  111  0.0000 1.000   0.1505  0.00658  0.289 0.328 0.295  0.101
  112  0.0000 1.000   0.1471  0.00651  0.249 0.261 0.249  0.140
  113  0.0000 1.000   0.1436  0.00643  0.268 0.312 0.210  0.137
  114  0.0000 1.000   0.1415  0.00638  0.317 0.353 0.235  0.086
  115  0.0000 1.000   0.1393  0.00633  0.291 0.316 0.246  0.095
  116  0.0000 1.000   0.1377   0.0063  0.286 0.344 0.240  0.092
  117  0.0000 1.000   0.1338   0.0062  0.221 0.240 0.202  0.120
  118  0.0000 1.000   0.1316  0.00615  0.162 0.197 0.129  0.172
  119  0.0000 1.000     0.13  0.00612  0.298 0.325 0.233  0.110
  120  0.0000 1.000    0.129  0.00609  0.055 0.041 0.032  0.250
  121  0.0000 1.000   0.1275  0.00606  0.227 0.275 0.183  0.112
  122  0.0000 1.000   0.1241  0.00598  0.189 0.195 0.120  0.144
  123  0.0000 1.000   0.1238  0.00597  0.305 0.324 0.213  0.100
  124  0.0000 1.000   0.1225  0.00594  0.322 0.345 0.263  0.079
  125  0.0000 1.000   0.1199  0.00587  0.332 0.375 0.248  0.081
  126  0.0000 1.000   0.1174  0.00581  0.296 0.326 0.286  0.136
  127  0.0000 1.000   0.1166  0.00579  0.293 0.298 0.283  0.130
  128  0.0000 1.000   0.1158  0.00577  0.304 0.346 0.276  0.111
  129  0.0000 1.000   0.1146  0.00574  0.243 0.279 0.244  0.109
  130  0.0000 1.000   0.1126  0.00569  0.128 0.160 0.113  0.216
  131  0.0000 1.000   0.1111  0.00565  0.021 0.020 0.017  0.248
  132  0.0000 1.000   0.1106  0.00564  0.239 0.321 0.270  0.110
  133  0.0000 1.000   0.1088  0.00559  0.174 0.212 0.140  0.183
  134  0.0000 1.000   0.1076  0.00557  0.283 0.335 0.279  0.086
  135  0.0000 1.000    0.107  0.00555  0.267 0.325 0.262  0.114
  136  0.0000 1.000   0.1049  0.00549  0.226 0.276 0.224  0.164
  137  0.0000 1.000   0.1038  0.00547  0.258 0.327 0.228  0.090
  138  0.0000 1.000   0.1028  0.00544  0.258 0.321 0.214  0.100
  139  0.0000 1.000   0.1003  0.00537  0.243 0.290 0.241  0.162
  140  0.0000 1.000  0.09983  0.00536  0.295 0.333 0.294  0.067
  141  0.0000 1.000  0.09939  0.00535  0.212 0.271 0.219  0.144
  142  0.0000 1.000  0.09739  0.00529  0.260 0.310 0.201  0.091
  143  0.0000 1.000  0.09658  0.00527  0.316 0.362 0.230  0.080
  144  0.0000 1.000  0.09406   0.0052  0.188 0.244 0.192  0.123
  145  0.0000 1.000  0.09377  0.00519  0.026 0.027 0.024  0.267
  146  0.0000 1.000  0.09343  0.00519  0.227 0.272 0.163  0.137
  147  0.0000 1.000  0.09241  0.00516  0.089 0.107 0.047  0.195
  148  0.0000 1.000  0.09146  0.00513  0.245 0.267 0.238  0.100
  149  0.0000 1.000  0.08923  0.00507  0.313 0.323 0.239  0.080
  150  0.0000 1.000  0.08834  0.00504  0.293 0.334 0.297  0.100
  151  0.0000 1.000  0.08815  0.00504  0.278 0.335 0.292  0.107
  152  0.0000 1.000  0.08712  0.00501  0.291 0.340 0.313  0.085
  153  0.0000 1.000  0.08571  0.00497  0.281 0.333 0.260  0.096
  154  0.0000 1.000    0.085  0.00495  0.187 0.242 0.178  0.121
  155  0.0000 1.000  0.08467  0.00494  0.286 0.325 0.234  0.073
  156  0.0000 1.000  0.08343   0.0049  0.269 0.301 0.273  0.110
  157  0.0000 1.000  0.08253  0.00487  0.288 0.331 0.284  0.101
  158  0.0000 1.000  0.08162  0.00485  0.007 0.007 0.008  0.315
  159  0.0000 1.000  0.08096  0.00483  0.231 0.272 0.217  0.108
  160  0.0000 1.000  0.08068  0.00482  0.327 0.381 0.276  0.075
  161  0.0000 1.000  0.08036  0.00481  0.309 0.331 0.284  0.070
  162  0.0000 1.000  0.07959  0.00479  0.274 0.312 0.244  0.088
  163  0.0000 1.000   0.0777  0.00473  0.310 0.367 0.277  0.072
  164  0.0000 1.000  0.07763  0.00473  0.274 0.304 0.180  0.073
  165  0.0000 1.000  0.07534  0.00466  0.253 0.293 0.207  0.109
  166  0.0000 1.000  0.07473  0.00464  0.294 0.347 0.170  0.075
  167  0.0000 1.000  0.07421  0.00462  0.254 0.312 0.271  0.080
  168  0.0000 1.000  0.07333  0.00459  0.258 0.316 0.198  0.085
  169  0.0000 1.000  0.07323  0.00459  0.265 0.313 0.232  0.088
  170  0.0000 1.000   0.0722  0.00456  0.253 0.305 0.174  0.114
  171  0.0000 1.000  0.07182  0.00455  0.233 0.285 0.206  0.099
  172  0.0000 1.000  0.07138  0.00453  0.257 0.317 0.210  0.099
  173  0.0000 1.000  0.06978  0.00448  0.273 0.330 0.263  0.077
  174  0.0000 1.000  0.06962  0.00448  0.287 0.321 0.246  0.063
  175  0.0000 1.000  0.06866  0.00445  0.200 0.244 0.072  0.122
  176  0.0000 1.000  0.06821  0.00443  0.286 0.340 0.212  0.086
  177  0.0000 1.000  0.06778  0.00442  0.213 0.256 0.069  0.129
  178  0.0000 1.000  0.06676  0.00438  0.267 0.315 0.167  0.085
  179  0.0000 1.000   0.0662  0.00436  0.243 0.322 0.184  0.092
  180  0.0000 1.000   0.0657  0.00435  0.301 0.331 0.204  0.055
  181  0.0000 1.000  0.06476  0.00432  0.227 0.276 0.215  0.097
  182  0.0000 1.000  0.06426   0.0043  0.258 0.304 0.184  0.086
  183  0.0000 1.000  0.06325  0.00427  0.249 0.308 0.240  0.087
  184  0.0000 1.000  0.06296  0.00426  0.284 0.320 0.139  0.059
  185  0.0000 1.000   0.0624  0.00424  0.287 0.336 0.236  0.071
  186  0.0000 1.000  0.06228  0.00423  0.263 0.329 0.250  0.069
  187  0.0000 1.000  0.06131   0.0042  0.268 0.315 0.182  0.105
  188  0.0000 1.000  0.06063  0.00418  0.340 0.401 0.250  0.061
  189  0.0000 1.000  0.06025  0.00416  0.220 0.253 0.175  0.086
  190  0.0000 1.000  0.06019  0.00416  0.019 0.024 0.013  0.207
  191  0.0000 1.000  0.05915  0.00413  0.252 0.308 0.216  0.063
  192  0.0000 1.000  0.05867  0.00411  0.280 0.333 0.267  0.094
  193  0.0000 1.000  0.05796  0.00408  0.284 0.342 0.198  0.061
  194  0.0000 1.000  0.05743  0.00407  0.260 0.343 0.172  0.105
  195  0.0000 1.000  0.05701  0.00405  0.290 0.356 0.210  0.074
  196  0.0000 1.000  0.05655  0.00403  0.298 0.376 0.303  0.059
  197  0.0000 1.000  0.05634  0.00403  0.224 0.281 0.206  0.087
  198  0.0000 1.000  0.05581  0.00401  0.266 0.298 0.240  0.077
  199  0.0000 1.000  0.05499  0.00398  0.311 0.379 0.236  0.064
  200  0.0000 1.000  0.05492  0.00398  0.201 0.244 0.110  0.105
  201  0.0000 1.000  0.05457  0.00396  0.215 0.283 0.226  0.080
  202  0.0000 1.000    0.054  0.00394  0.294 0.368 0.254  0.108
  203  0.0000 1.000  0.05362  0.00393  0.261 0.292 0.150  0.059
  204  0.0000 1.000  0.05327  0.00392  0.281 0.356 0.213  0.075
  205  0.0000 1.000  0.05318  0.00391  0.014 0.016 0.013  0.183
  206  0.0000 1.000  0.05316  0.00391  0.244 0.295 0.219  0.077
  207  0.0000 1.000  0.05224  0.00388  0.249 0.302 0.179  0.090
  208  0.0000 1.000   0.0519  0.00386  0.282 0.334 0.209  0.062
  209  0.0000 1.000  0.05122  0.00384  0.310 0.371 0.214  0.049
  210  0.0000 1.000   0.0507  0.00382  0.263 0.330 0.236  0.068
  211  0.0000 1.000  0.04999  0.00379  0.280 0.334 0.281  0.061
  212  0.0000 1.000  0.04974  0.00378  0.238 0.299 0.193  0.085
  213  0.0000 1.000  0.04962  0.00378  0.302 0.382 0.260  0.052
  214  0.0000 1.000  0.04918  0.00376  0.246 0.300 0.255  0.092
  215  0.0000 1.000  0.04881  0.00375  0.013 0.014 0.011  0.230
  216  0.0000 1.000  0.04878  0.00375  0.289 0.326 0.227  0.088
  217  0.0000 1.000   0.0486  0.00374  0.285 0.369 0.279  0.081
  218  0.0000 1.000  0.04785  0.00371  0.252 0.343 0.241  0.075
  219  0.0000 1.000  0.04766   0.0037  0.291 0.357 0.272  0.068
  220  0.0000 1.000  0.04723  0.00369  0.308 0.350 0.258  0.056
  221  0.0000 1.000  0.04641  0.00365  0.305 0.374 0.280  0.059
  222  0.0000 1.000  0.04615  0.00364  0.291 0.342 0.177  0.062
  223  0.0000 1.000  0.04554  0.00362  0.227 0.283 0.167  0.087
  224  0.0000 1.000  0.04524  0.00361  0.274 0.333 0.246  0.061
  225  0.0000 1.000  0.04468  0.00359  0.264 0.329 0.214  0.062
  226  0.0000 1.000  0.04459  0.00358  0.256 0.331 0.210  0.066
  227  0.0000 1.000  0.04407  0.00356  0.274 0.345 0.185  0.067
  228  0.0000 1.000  0.04388  0.00355  0.272 0.358 0.201  0.067
  229  0.0000 1.000  0.04372  0.00355  0.281 0.362 0.280  0.063
  230  0.0000 1.000   0.0434  0.00353  0.157 0.216 0.150  0.108
  231  0.0000 1.000  0.04296  0.00352  0.267 0.343 0.240  0.065
  232  0.0000 1.000  0.04263   0.0035  0.229 0.289 0.228  0.077
  233  0.0000 1.000  0.04225  0.00349  0.297 0.379 0.260  0.048
  234  0.0000 1.000  0.04197  0.00348  0.275 0.348 0.236  0.068
  235  0.0000 1.000  0.04185  0.00347  0.248 0.292 0.203  0.070
  236  0.0000 1.000  0.04174  0.00347  0.269 0.334 0.255  0.065
  237  0.0000 1.000  0.04123  0.00344  0.284 0.358 0.263  0.068
  238  0.0000 1.000  0.04111  0.00344  0.238 0.308 0.224  0.072
  239  0.0000 1.000  0.04099  0.00343  0.183 0.222 0.194  0.112
  240  0.0000 1.000  0.04052  0.00341  0.200 0.233 0.128  0.122
  241  0.0000 1.000  0.04033  0.00341  0.045 0.045 0.033  0.209
  242  0.0000 1.000  0.03986  0.00339  0.252 0.326 0.238  0.062
  243  0.0000 1.000  0.03968  0.00338  0.325 0.412 0.251  0.048
  244  0.0000 1.000  0.03921  0.00336  0.199 0.250 0.130  0.086
  245  0.0000 1.000  0.03908  0.00335  0.316 0.397 0.207  0.050
  246  0.0000 1.000  0.03872  0.00334  0.260 0.326 0.200  0.063
  247  0.0000 1.000   0.0385  0.00333  0.269 0.352 0.167  0.089
  248  0.0000 1.000   0.0384  0.00332  0.266 0.319 0.242  0.070
  249  0.0000 1.000  0.03818  0.00331  0.280 0.377 0.246  0.051
  250  0.0000 1.000  0.03781   0.0033  0.183 0.237 0.106  0.079
  251  0.0000 1.000   0.0376  0.00329  0.227 0.302 0.132  0.097
  252  0.0000 1.000   0.0375  0.00328  0.297 0.367 0.238  0.071
  253  0.0000 1.000  0.03717  0.00327  0.240 0.302 0.159  0.070
  254  0.0000 1.000  0.03679  0.00325  0.261 0.336 0.117  0.099
  255  0.0000 1.000  0.03648  0.00324  0.255 0.328 0.213  0.074
  256  0.0000 1.000  0.03639  0.00324  0.277 0.345 0.266  0.068
  257  0.0000 1.000  0.03624  0.00323  0.252 0.325 0.122  0.077
  258  0.0000 1.000  0.03622  0.00323  0.007 0.006 0.005  0.284
  259  0.0000 1.000  0.03614  0.00322  0.237 0.302 0.129  0.089
  260  0.0000 1.000  0.03571  0.00321  0.273 0.337 0.178  0.065
  261  0.0000 1.000  0.03543  0.00319  0.284 0.374 0.265  0.047
  262  0.0000 1.000  0.03515  0.00318  0.278 0.343 0.186  0.052
  263  0.0000 1.000  0.03512  0.00318  0.258 0.332 0.168  0.055
  264  0.0000 1.000  0.03475  0.00316  0.308 0.379 0.205  0.053
  265  0.0000 1.000  0.03471  0.00316  0.313 0.378 0.260  0.044
  266  0.0000 1.000   0.0345  0.00315  0.238 0.316 0.126  0.118
  267  0.0000 1.000  0.03421  0.00314  0.223 0.276 0.063  0.088
  268  0.0000 1.000  0.03383  0.00312  0.303 0.365 0.239  0.049
  269  0.0000 1.000  0.03374  0.00312  0.263 0.336 0.192  0.066
  270  0.0000 1.000  0.03352  0.00311  0.238 0.316 0.124  0.090
  271  0.0000 1.000  0.03328  0.00309  0.311 0.397 0.199  0.051
  272  0.0000 1.000  0.03284  0.00307  0.232 0.299 0.231  0.080
  273  0.0000 1.000  0.03256  0.00306  0.263 0.328 0.205  0.072
  274  0.0000 1.000  0.03242  0.00305  0.262 0.321 0.196  0.058
  275  0.0000 1.000  0.03216  0.00304  0.240 0.303 0.179  0.061
  276  0.0000 1.000  0.03187  0.00303  0.277 0.331 0.243  0.045
  277  0.0000 1.000  0.03179  0.00302  0.293 0.373 0.236  0.049
  278  0.0000 1.000   0.0317  0.00302  0.214 0.288 0.091  0.091
  279  0.0000 1.000  0.03154  0.00301  0.236 0.312 0.151  0.067
  280  0.0000 1.000  0.03103  0.00299  0.294 0.368 0.221  0.052
  281  0.0000 1.000  0.03097  0.00299  0.262 0.365 0.228  0.057
  282  0.0000 1.000  0.03077  0.00298  0.179 0.246 0.084  0.099
  283  0.0000 1.000  0.03054  0.00296  0.252 0.315 0.180  0.073
  284  0.0000 1.000  0.03037  0.00296  0.253 0.312 0.147  0.063
  285  0.0000 1.000  0.03018  0.00295  0.279 0.337 0.247  0.047
  286  0.0000 1.000  0.02966  0.00292  0.274 0.361 0.239  0.056
  287  0.0000 1.000  0.02961  0.00292  0.228 0.316 0.140  0.074
  288  0.0000 1.000  0.02936  0.00291  0.274 0.361 0.185  0.060
  289  0.0000 1.000  0.02922   0.0029  0.281 0.350 0.210  0.059
#  290  0.0000 1.000        0      inf  0.002 0.005 0.003  0.318
  291  0.0000 1.000  0.02902  0.00289  0.246 0.312 0.205  0.054
  292  0.0000 1.000  0.02876  0.00288  0.266 0.325 0.187  0.054
  293  0.0000 1.000  0.02864  0.00287  0.225 0.305 0.135  0.085
  294  0.0000 1.000  0.02841  0.00286  0.249 0.320 0.217  0.063
  295  0.0000 1.000  0.02823  0.00285  0.224 0.281 0.113  0.104
  296  0.0000 1.000  0.02807  0.00284  0.271 0.333 0.210  0.052
  297  0.0000 1.000  0.02795  0.00284  0.233 0.318 0.155  0.079
  298  0.0000 1.000  0.02776  0.00283  0.283 0.350 0.202  0.051
  299  0.0000 1.000  0.02764  0.00282  0.249 0.275 0.207  0.054
  300  0.0000 1.000  0.02748  0.00281  0.284 0.356 0.180  0.051
  301  0.0000 1.000  0.02743  0.00281  0.283 0.372 0.208  0.051
  302  0.0000 1.000  0.02706  0.00279  0.261 0.339 0.235  0.046
  303  0.0000 1.000  0.02694  0.00278  0.289 0.359 0.218  0.055
  304  0.0000 1.000  0.02679  0.00278  0.276 0.338 0.228  0.056
  305  0.0000 1.000  0.02656  0.00276  0.238 0.292 0.156  0.062
  306  0.0000 1.000  0.02643  0.00276  0.238 0.265 0.129  0.077
  307  0.0000 1.000  0.02634  0.00275  0.302 0.357 0.209  0.056
  308  0.0000 1.000  0.02615  0.00274  0.228 0.237 0.101  0.096
  309  0.0000 1.000  0.02609  0.00274  0.240 0.297 0.165  0.074
  310  0.0000 1.000  0.02571  0.00272  0.191 0.258 0.135  0.072
  311  0.0000 1.000  0.02564  0.00272  0.205 0.245 0.152  0.068
  312  0.0000 1.000  0.02561  0.00271  0.006 0.006 0.010  0.258
  313  0.0000 1.000  0.02545  0.00271  0.258 0.323 0.225  0.061
  314  0.0000 1.000   0.0253   0.0027  0.282 0.354 0.201  0.058
  315  0.0000 1.000  0.02522  0.00269  0.225 0.279 0.100  0.097
  316  0.0000 1.000  0.02489  0.00268  0.200 0.243 0.121  0.079
  317  0.0000 1.000  0.02485  0.00267  0.238 0.304 0.109  0.098
  318  0.0000 1.000  0.02475  0.00267  0.268 0.350 0.195  0.050
  319  0.0000 1.000  0.02446  0.00265  0.251 0.299 0.139  0.063
  320  0.0000 1.000  0.02442  0.00265  0.177 0.205 0.092  0.084
  321  0.0000 1.000  0.02428  0.00264  0.221 0.261 0.130  0.077
  322  0.0000 1.000  0.02406  0.00263  0.238 0.288 0.191  0.050
  323  0.0000 1.000  0.02404  0.00263  0.250 0.320 0.193  0.055
  324  0.0000 1.000  0.02395  0.00263  0.232 0.307 0.155  0.073
  325  0.0000 1.000  0.02389  0.00262  0.260 0.353 0.231  0.061
  326  0.0000 1.000  0.02373  0.00261  0.272 0.354 0.139  0.073
  327  0.0000 1.000  0.02368  0.00261  0.200 0.232 0.088  0.082
  328  0.0000 1.000  0.02356   0.0026  0.221 0.272 0.139  0.072
  329  0.0000 1.000   0.0235   0.0026  0.273 0.343 0.169  0.058
  330  0.0000 1.000  0.02346   0.0026  0.294 0.350 0.213  0.062
  331  0.0000 1.000  0.02321  0.00258  0.287 0.353 0.188  0.043
  332  0.0000 1.000   0.0231  0.00258  0.248 0.280 0.118  0.066
  333  0.0000 1.000    0.023  0.00257  0.245 0.316 0.160  0.050
  334  0.0000 1.000  0.02279  0.00256  0.103 0.100 0.017  0.143
  335  0.0000 1.000  0.02273  0.00256  0.222 0.245 0.088  0.088
  336  0.0000 1.000  0.02268  0.00255  0.285 0.359 0.217  0.044
  337  0.0000 1.000  0.02253  0.00255  0.102 0.102 0.030  0.132
  338  0.0000 1.000  0.02243  0.00254  0.250 0.316 0.159  0.062
  339  0.0000 1.000  0.02233  0.00254  0.280 0.339 0.226  0.051
#  340  0.0000 1.000        0      inf  0.002 0.006 0.003  0.362
  341  0.0000 1.000  0.02225  0.00253  0.269 0.363 0.247  0.053
  342  0.0000 1.000  0.02212  0.00252  0.288 0.347 0.227  0.043
  343  0.0000 1.000    0.022  0.00252  0.211 0.259 0.160  0.072
  344  0.0000 1.000  0.02195  0.00251  0.201 0.265 0.147  0.051
  345  0.0000 1.000  0.02177   0.0025  0.302 0.391 0.245  0.055
  346  0.0000 1.000  0.02166   0.0025  0.289 0.372 0.234  0.058
  347  0.0000 1.000  0.02135  0.00248  0.267 0.344 0.224  0.047
  348  0.0000 1.000  0.02131  0.00248  0.284 0.329 0.243  0.058
  349  0.0000 1.000  0.02126  0.00247  0.008 0.012 0.011  0.127
  350  0.0000 1.000  0.02121  0.00247  0.240 0.290 0.215  0.051
  351  0.0000 1.000  0.02112  0.00247  0.235 0.306 0.187  0.067
  352  0.0000 1.000  0.02101  0.00246  0.220 0.302 0.134  0.111
  353  0.0000 1.000  0.02085  0.00245  0.276 0.341 0.241  0.043
  354  0.0000 1.000  0.02077  0.00245  0.237 0.314 0.170  0.057
  355  0.0000 1.000  0.02065  0.00244  0.280 0.367 0.188  0.052
  356  0.0000 1.000  0.02056  0.00243  0.281 0.352 0.159  0.072
  357  0.0000 1.000  0.02047  0.00243  0.285 0.322 0.213  0.048
  358  0.0000 1.000  0.02035  0.00242  0.252 0.325 0.205  0.058
  359  0.0000 1.000   0.0203  0.00242  0.212 0.283 0.147  0.072
  360  0.0000 1.000   0.0201  0.00241  0.239 0.280 0.235  0.057
  361  0.0000 1.000  0.02005   0.0024  0.247 0.309 0.163  0.047
  362  0.0000 1.000  0.02003   0.0024  0.230 0.306 0.210  0.039
  363  0.0000 1.000  0.01996   0.0024  0.262 0.331 0.202  0.049
  364  0.0000 1.000  0.01974  0.00238  0.247 0.310 0.173  0.067
  365  0.0000 1.000  0.01971  0.00238  0.268 0.345 0.167  0.057
  366  0.0000 1.000  0.01964  0.00238  0.098 0.125 0.030  0.118
  367  0.0000 1.000   0.0195  0.00237  0.198 0.261 0.081  0.085
  368  0.0000 1.000   0.0194  0.00236  0.258 0.331 0.169  0.070
  369  0.0000 1.000  0.01932  0.00236  0.236 0.323 0.201  0.068
  370  0.0000 1.000  0.01908  0.00234  0.236 0.301 0.195  0.049
  371  0.0000 1.000  0.01901  0.00234  0.186 0.238 0.170  0.059
  372  0.0000 1.000  0.01893  0.00233  0.277 0.346 0.191  0.045
  373  0.0000 1.000  0.01884  0.00233  0.255 0.330 0.184  0.048
  374  0.0000 1.000  0.01878  0.00232  0.253 0.324 0.132  0.056
  375  0.0000 1.000  0.01873  0.00232  0.254 0.326 0.193  0.041
  376  0.0000 1.000   0.0186  0.00231  0.275 0.358 0.190  0.044
  377  0.0000 1.000  0.01853  0.00231  0.254 0.328 0.210  0.060
  378  0.0000 1.000   0.0183  0.00229  0.211 0.265 0.158  0.060
  379  0.0000 1.000  0.01829  0.00229  0.233 0.282 0.148  0.078
  380  0.0000 1.000  0.01819  0.00229  0.249 0.335 0.207  0.051
  381  0.0000 1.000  0.01805  0.00228  0.256 0.331 0.203  0.055
  382  0.0000 1.000  0.01802  0.00228  0.215 0.258 0.170  0.043
  383  0.0000 1.000  0.01789  0.00227  0.232 0.324 0.145  0.068
  384  0.0000 1.000  0.01775  0.00226  0.260 0.354 0.281  0.044
  385  0.0000 1.000   0.0177  0.00226  0.230 0.283 0.160  0.059
  386  0.0000 1.000  0.01764  0.00225  0.148 0.198 0.084  0.111
  387  0.0000 1.000  0.01757  0.00225  0.248 0.312 0.209  0.044
  388  0.0000 1.000  0.01745  0.00224  0.208 0.275 0.184  0.045
  389  0.0000 1.000  0.01738  0.00224  0.202 0.285 0.128  0.096
  390  0.0000 1.000  0.01731  0.00223  0.193 0.255 0.130  0.066
  391  0.0000 1.000   0.0172  0.00222  0.250 0.318 0.199  0.039
  392  0.0000 1.000  0.01717  0.00222  0.224 0.302 0.164  0.051
  393  0.0000 1.000  0.01702  0.00221  0.174 0.237 0.151  0.053
  394  0.0000 1.000   0.0169  0.00221  0.248 0.326 0.207  0.050
  395  0.0000 1.000  0.01684   0.0022  0.219 0.299 0.154  0.075
  396  0.0000 1.000  0.01679   0.0022  0.260 0.375 0.188  0.045
  397  0.0000 1.000  0.01666  0.00219  0.192 0.237 0.130  0.068
  398  0.0000 1.000  0.01658  0.00218  0.228 0.323 0.163  0.050
  399  0.0000 1.000  0.01647  0.00218  0.219 0.299 0.133  0.080
  400  0.0000 1.000  0.01637  0.00217  0.240 0.314 0.161  0.053
  401  0.0000 1.000  0.01629  0.00216  0.232 0.316 0.180  0.062
  402  0.0000 1.000  0.01623  0.00216  0.244 0.310 0.211  0.047
  403  0.0000 1.000  0.01622  0.00216  0.247 0.329 0.160  0.057
  404  0.0000 1.000  0.01602  0.00215  0.180 0.237 0.141  0.091
  405  0.0000 1.000  0.01598  0.00214  0.228 0.302 0.177  0.050
  406  0.0000 1.000  0.01594  0.00214  0.044 0.054 0.029  0.151
  407  0.0000 1.000  0.01592  0.00214  0.198 0.253 0.172  0.082
  408  0.0000 1.000  0.01583  0.00213  0.273 0.350 0.218  0.045
  409  0.0000 1.000  0.01581  0.00213  0.229 0.286 0.140  0.055
  410  0.0000 1.000  0.01573  0.00213  0.241 0.297 0.153  0.076
  411  0.0000 1.000  0.01561  0.00212  0.279 0.374 0.226  0.052
  412  0.0000 1.000  0.01553  0.00211  0.239 0.324 0.210  0.047
  413  0.0000 1.000   0.0154  0.00211  0.250 0.342 0.225  0.052
  414  0.0000 1.000  0.01538   0.0021  0.182 0.242 0.150  0.068
  415  0.0000 1.000  0.01531   0.0021  0.183 0.251 0.181  0.044
  416  0.0000 1.000  0.01516  0.00209  0.236 0.291 0.174  0.057
  417  0.0000 1.000  0.01511  0.00208  0.222 0.311 0.156  0.074
  418  0.0000 1.000  0.01504  0.00208  0.242 0.330 0.150  0.059
  419  0.0000 1.000  0.01493  0.00207  0.219 0.325 0.136  0.061
  420  0.0000 1.000  0.01487  0.00207  0.223 0.287 0.158  0.071
  421  0.0000 1.000  0.01479  0.00206  0.173 0.230 0.141  0.051
  422  0.0000 1.000  0.01463  0.00205  0.223 0.306 0.188  0.043
  423  0.0000 1.000  0.01454  0.00205  0.246 0.330 0.209  0.047
  424  0.0000 1.000   0.0145  0.00204  0.222 0.318 0.188  0.058
  425  0.0000 1.000  0.01437  0.00203  0.241 0.310 0.191  0.043
  426  0.0000 1.000  0.01432  0.00203  0.284 0.355 0.240  0.051
  427  0.0000 1.000  0.01425  0.00202  0.228 0.304 0.128  0.053
  428  0.0000 1.000  0.01423  0.00202  0.025 0.029 0.013  0.133
  429  0.0000 1.000  0.01409  0.00201  0.226 0.310 0.171  0.059
  430  0.0000 1.000  0.01407  0.00201  0.193 0.254 0.148  0.047
  431  0.0000 1.000  0.01401  0.00201  0.007 0.007 0.008  0.152
  432  0.0000 1.000  0.01398  0.00201  0.253 0.325 0.199  0.048
  433  0.0000 1.000  0.01395    0.002  0.224 0.303 0.247  0.051
  434  0.0000 1.000  0.01387    0.002  0.249 0.329 0.232  0.038
  435  0.0000 1.000  0.01376  0.00199  0.208 0.282 0.179  0.045
  436  0.0000 1.000  0.01367  0.00198  0.186 0.250 0.165  0.061
  437  0.0000 1.000  0.01365  0.00198  0.059 0.092 0.030  0.125
  438  0.0000 1.000  0.01351  0.00197  0.185 0.242 0.186  0.043
  439  0.0000 1.000   0.0135  0.00197  0.220 0.295 0.195  0.046
  440  0.0000 1.000  0.01345  0.00197  0.180 0.259 0.171  0.051
  441  0.0000 1.000   0.0134  0.00196  0.122 0.170 0.117  0.068
  442  0.0000 1.000  0.01329  0.00196  0.187 0.251 0.122  0.070
  443  0.0000 1.000  0.01322  0.00195  0.184 0.264 0.133  0.068
  444  0.0000 1.000  0.01316  0.00195  0.164 0.241 0.175  0.043
  445  0.0000 1.000  0.01311  0.00194  0.213 0.291 0.191  0.050
  446  0.0000 1.000  0.01305  0.00194  0.223 0.319 0.166  0.048
  447  0.0000 1.000  0.01297  0.00193  0.164 0.242 0.137  0.056
  448  0.0000 1.000  0.01295  0.00193  0.230 0.332 0.173  0.048
  449  0.0000 1.000  0.01287  0.00192  0.216 0.314 0.117  0.075
  450  0.0000 1.000  0.01284  0.00192  0.163 0.236 0.144  0.056
  451  0.0000 1.000  0.01275  0.00192  0.194 0.283 0.159  0.056
  452  0.0000 1.000  0.01269  0.00191  0.151 0.195 0.134  0.062
  453  0.0000 1.000  0.01265  0.00191  0.238 0.320 0.192  0.055
  454  0.0000 1.000  0.01258   0.0019  0.209 0.277 0.204  0.053
  455  0.0000 1.000  0.01256   0.0019  0.209 0.297 0.178  0.068
  456  0.0000 1.000  0.01254   0.0019  0.236 0.312 0.221  0.040
  457  0.0000 1.000  0.01249   0.0019  0.189 0.238 0.151  0.050
  458  0.0000 1.000  0.01247  0.00189  0.238 0.294 0.223  0.038
  459  0.0000 1.000  0.01235  0.00189  0.189 0.242 0.174  0.068
  460  0.0000 1.000  0.01233  0.00188  0.229 0.290 0.194  0.038
  461  0.0000 1.000  0.01227  0.00188  0.254 0.330 0.218  0.053
  462  0.0000 1.000  0.01219  0.00187  0.209 0.283 0.172  0.053
  463  0.0000 1.000  0.01217  0.00187  0.227 0.305 0.247  0.044
  464  0.0000 1.000  0.01212  0.00187  0.188 0.256 0.144  0.056
  465  0.0000 1.000  0.01209  0.00187  0.203 0.272 0.100  0.083
  466  0.0000 1.000  0.01192  0.00185  0.210 0.266 0.142  0.058
  467  0.0000 1.000  0.01187  0.00185  0.125 0.158 0.079  0.067
  468  0.0000 1.000  0.01183  0.00184  0.199 0.252 0.143  0.054
  469  0.0000 1.000   0.0118  0.00184  0.219 0.298 0.183  0.057
  470  0.0000 1.000  0.01177  0.00184  0.236 0.310 0.206  0.045
  471  0.0000 1.000  0.01168  0.00183  0.199 0.271 0.191  0.041
  472  0.0000 1.000  0.01167  0.00183  0.216 0.302 0.166  0.062
  473  0.0000 1.000   0.0116  0.00183  0.200 0.273 0.149  0.059
  474  0.0000 1.000  0.01153  0.00182  0.158 0.215 0.084  0.090
  475  0.0000 1.000  0.01146  0.00182  0.226 0.288 0.230  0.030
  476  0.0000 1.000  0.01133  0.00181  0.132 0.187 0.156  0.036
  477  0.0000 1.000  0.01126   0.0018  0.188 0.241 0.163  0.046
  478  0.0000 1.000   0.0112   0.0018  0.225 0.311 0.261  0.048
  479  0.0000 1.000  0.01117  0.00179  0.212 0.286 0.166  0.053
  480  0.0000 1.000  0.01112  0.00179  0.210 0.288 0.215  0.047
  481  0.0000 1.000  0.01108  0.00179  0.145 0.201 0.148  0.066
  482  0.0000 1.000  0.01107  0.00178  0.200 0.252 0.171  0.048
  483  0.0000 1.000    0.011  0.00178  0.200 0.261 0.159  0.059
  484  0.0000 1.000  0.01098  0.00178  0.112 0.159 0.065  0.089
  485  0.0000 1.000  0.01094  0.00177  0.210 0.284 0.195  0.042
  486  0.0000 1.000  0.01089  0.00177  0.262 0.339 0.321  0.039
  487  0.0000 1.000  0.01079  0.00176  0.235 0.322 0.214  0.033
  488  0.0000 1.000  0.01064  0.00175  0.201 0.262 0.191  0.047
  489  0.0000 1.000  0.01062  0.00175  0.161 0.245 0.158  0.061
  490  0.0000 1.000  0.01057  0.00174  0.177 0.222 0.142  0.075
  491  0.0000 1.000  0.01051  0.00174  0.163 0.216 0.181  0.057
  492  0.0000 1.000  0.01049  0.00174  0.222 0.293 0.218  0.032
  493  0.0000 1.000  0.01043  0.00173  0.167 0.240 0.175  0.055
  494  0.0000 1.000  0.01039  0.00173  0.120 0.182 0.076  0.080
  495  0.0000 1.000  0.01032  0.00172  0.175 0.260 0.122  0.069
  496  0.0000 1.000  0.01017  0.00171  0.226 0.304 0.212  0.036
  497  0.0000 1.000  0.01015  0.00171  0.126 0.165 0.118  0.065
  498  0.0000 1.000  0.01012  0.00171  0.200 0.272 0.238  0.042
  499  0.0000 1.000  0.01003   0.0017  0.130 0.153 0.121  0.066
  500  0.0000 1.000  0.009942  0.00169  0.233 0.314 0.248  0.032
  501  0.0000 1.000  0.009931  0.00169  0.164 0.248 0.182  0.045
  502  0.0000 1.000  0.009925  0.00169  0.200 0.273 0.233  0.033
  503  0.0000 1.000  0.009873  0.00169  0.204 0.260 0.212  0.041
  504  0.0000 1.000  0.009814  0.00168  0.206 0.288 0.219  0.043
  505  0.0000 1.000  0.009739  0.00167  0.205 0.282 0.222  0.038
  506  0.0000 1.000  0.009666  0.00167  0.154 0.237 0.162  0.043
  507  0.0000 1.000  0.009607  0.00166  0.053 0.069 0.044  0.092
  508  0.0000 1.000  0.009572  0.00166  0.160 0.235 0.174  0.059
  509  0.0000 1.000  0.009543  0.00166  0.225 0.315 0.234  0.042
  510  0.0000 1.000  0.009541  0.00166  0.121 0.164 0.148  0.048
  511  0.0000 1.000  0.009497  0.00165  0.142 0.209 0.095  0.076
  512  0.0000 1.000  0.009442  0.00165  0.191 0.272 0.233  0.037
  513  0.0000 1.000  0.009394  0.00164  0.192 0.253 0.218  0.033
  514  0.0000 1.000  0.009332  0.00164  0.171 0.227 0.202  0.039
  515  0.0000 1.000  0.009261  0.00163  0.178 0.252 0.190  0.048
  516  0.0000 1.000  0.009187  0.00163  0.186 0.263 0.125  0.068
  517  0.0000 1.000  0.009151  0.00162  0.162 0.239 0.098  0.068
  518  0.0000 1.000  0.009108  0.00162  0.219 0.287 0.240  0.038
  519  0.0000 1.000  0.009027  0.00161  0.223 0.305 0.205  0.039
  520  0.0000 1.000  0.008984  0.00161  0.167 0.235 0.166  0.047
  521  0.0000 1.000  0.008973  0.00161  0.202 0.283 0.224  0.033
  522  0.0000 1.000  0.008936   0.0016  0.129 0.182 0.137  0.046
  523  0.0000 1.000  0.008902   0.0016  0.197 0.292 0.202  0.046
  524  0.0000 1.000  0.008819  0.00159  0.199 0.280 0.157  0.042
  525  0.0000 1.000  0.008777  0.00159  0.174 0.231 0.185  0.039
  526  0.0000 1.000  0.00875  0.00159  0.172 0.249 0.164  0.056
  527  0.0000 1.000  0.008741  0.00159  0.189 0.271 0.226  0.033
  528  0.0000 1.000  0.008729  0.00158  0.172 0.234 0.218  0.036
  529  0.0000 1.000  0.008689  0.00158  0.212 0.276 0.270  0.026
  530  0.0000 1.000  0.008649  0.00158  0.198 0.270 0.219  0.033
  531  0.0000 1.000  0.008581  0.00157  0.155 0.206 0.164  0.046
  532  0.0000 1.000  0.008536  0.00157  0.206 0.281 0.256  0.034
  533  0.0000 1.000  0.008517  0.00157  0.161 0.214 0.177  0.046
  534  0.0000 1.000  0.008484  0.00156  0.187 0.259 0.225  0.035
  535  0.0000 1.000  0.008411  0.00156  0.211 0.257 0.207  0.038
  536  0.0000 1.000  0.008361  0.00155  0.174 0.246 0.169  0.054
  537  0.0000 1.000  0.008311  0.00155  0.168 0.232 0.181  0.049
  538  0.0000 1.000  0.008244  0.00154  0.201 0.267 0.237  0.041
  539  0.0000 1.000  0.008241  0.00154  0.101 0.121 0.074  0.091
  540  0.0000 1.000  0.008196  0.00154  0.134 0.181 0.149  0.048
  541  0.0000 1.000  0.008115  0.00153  0.145 0.198 0.170  0.046
  542  0.0000 1.000  0.008065  0.00152  0.234 0.291 0.288  0.028
  543  0.0000 1.000  0.008031  0.00152  0.180 0.244 0.188  0.042
  544  0.0000 1.000  0.008024  0.00152  0.152 0.209 0.202  0.040
  545  0.0000 1.000  0.007991  0.00152  0.093 0.137 0.116  0.064
  546  0.0000 1.000  0.007947  0.00151  0.093 0.141 0.108  0.057
  547  0.0000 1.000  0.007908  0.00151  0.147 0.212 0.159  0.052
  548  0.0000 1.000  0.007842   0.0015  0.193 0.240 0.251  0.030
  549  0.0000 1.000  0.007836   0.0015  0.183 0.260 0.247  0.038
  550  0.0000 1.000  0.007826   0.0015  0.174 0.245 0.234  0.034
  551  0.0000 1.000  0.007795   0.0015  0.181 0.241 0.215  0.036
  552  0.0000 1.000  0.007764  0.00149  0.135 0.174 0.182  0.043
  553  0.0000 1.000  0.00774  0.00149  0.182 0.210 0.231  0.035
  554  0.0000 1.000  0.00773  0.00149  0.236 0.310 0.303  0.027
  555  0.0000 1.000  0.007677  0.00149  0.190 0.243 0.222  0.037
  556  0.0000 1.000  0.007646  0.00148  0.172 0.226 0.206  0.032
  557  0.0000 1.000  0.007602  0.00148  0.234 0.304 0.295  0.030
  558  0.0000 1.000  0.007578  0.00148  0.232 0.326 0.269  0.038
  559  0.0000 1.000  0.007528  0.00147  0.067 0.103 0.081  0.080
  560  0.0000 1.000  0.00749  0.00147  0.216 0.290 0.249  0.031
  561  0.0000 1.000  0.007462  0.00147  0.208 0.280 0.255  0.036
  562  0.0000 1.000  0.007418  0.00146  0.215 0.317 0.259  0.040
  563  0.0000 1.000  0.007374  0.00146  0.184 0.268 0.211  0.035
  564  0.0000 1.000  0.00734  0.00145  0.154 0.231 0.151  0.041
  565  0.0000 1.000  0.007313  0.00145  0.036 0.069 0.030  0.090
  566  0.0000 1.000  0.007296  0.00145  0.190 0.282 0.285  0.044
  567  0.0000 1.000  0.007234  0.00144  0.130 0.188 0.178  0.039
  568  0.0000 1.000  0.007174  0.00144  0.144 0.232 0.162  0.060
  569  0.0000 1.000  0.007156  0.00144  0.167 0.240 0.193  0.042
  570  0.0000 1.000  0.007127  0.00143  0.170 0.236 0.195  0.055
  571  0.0000 1.000  0.007093  0.00143  0.183 0.248 0.196  0.050
  572  0.0000 1.000  0.007087  0.00143  0.162 0.249 0.180  0.050
  573  0.0000 1.000  0.007009  0.00142  0.190 0.276 0.223  0.036
  574  0.0000 1.000  0.006935  0.00141  0.134 0.216 0.135  0.081
  575  0.0000 1.000  0.006919  0.00141  0.146 0.198 0.156  0.050
  576  0.0000 1.000  0.006873  0.00141  0.104 0.146 0.138  0.041
  577  0.0000 1.000  0.006855   0.0014  0.177 0.250 0.239  0.033
  578  0.0000 1.000  0.00682   0.0014  0.155 0.241 0.142  0.062
  579  0.0000 1.000  0.006808   0.0014  0.175 0.271 0.225  0.043
  580  0.0000 1.000  0.006801   0.0014  0.111 0.175 0.108  0.070
  581  0.0000 1.000  0.006786   0.0014  0.103 0.133 0.135  0.048
  582  0.0000 1.000  0.006731  0.00139  0.147 0.219 0.202  0.041
  583  0.0000 1.000  0.006714  0.00139  0.066 0.113 0.137  0.070
  584  0.0000 1.000  0.00664  0.00138  0.149 0.190 0.207  0.037
  585  0.0000 1.000  0.006582  0.00138  0.132 0.185 0.184  0.035
  586  0.0000 1.000  0.006551  0.00137  0.101 0.148 0.109  0.063
  587  0.0000 1.000  0.006541  0.00137  0.120 0.181 0.127  0.045
  588  0.0000 1.000  0.006521  0.00137  0.184 0.248 0.192  0.035
  589  0.0000 1.000  0.006447  0.00136  0.112 0.154 0.141  0.048
  590  0.0000 1.000  0.00644  0.00136  0.148 0.191 0.188  0.045
  591  0.0000 1.000  0.006428  0.00136  0.091 0.114 0.110  0.049
  592  0.0000 1.000  0.006384  0.00136  0.152 0.227 0.188  0.050
  593  0.0000 1.000  0.006366  0.00135  0.159 0.225 0.201  0.036
  594  0.0000 1.000  0.006298  0.00135  0.141 0.185 0.180  0.045
  595  0.0000 1.000  0.006281  0.00134  0.116 0.166 0.154  0.053
  596  0.0000 1.000  0.00621  0.00134  0.101 0.156 0.148  0.057
  597  0.0000 1.000  0.006204  0.00134  0.031 0.048 0.033  0.105
  598  0.0000 1.000  0.006185  0.00133  0.112 0.174 0.138  0.051
  599  0.0000 1.000  0.006146  0.00133  0.108 0.169 0.187  0.055
  600  0.0000 1.000  0.006115  0.00133  0.139 0.219 0.178  0.041
  601  0.0000 1.000  0.006089  0.00132  0.181 0.268 0.243  0.046
  602  0.0000 1.000  0.006058  0.00132  0.133 0.230 0.184  0.075
  603  0.0000 1.000  0.006042  0.00132  0.127 0.196 0.186  0.064
  604  0.0000 1.000  0.006017  0.00132  0.119 0.152 0.165  0.060
  605  0.0000 1.000  0.005973  0.00131  0.077 0.109 0.100  0.062
  606  0.0000 1.000  0.005938  0.00131  0.117 0.175 0.153  0.043
  607  0.0000 1.000  0.005918   0.0013  0.121 0.179 0.167  0.044
  608  0.0000 1.000  0.005897   0.0013  0.147 0.203 0.218  0.038
  609  0.0000 1.000  0.005866   0.0013  0.117 0.160 0.156  0.055
  610  0.0000 1.000  0.005837   0.0013  0.161 0.224 0.220  0.038
  611  0.0000 1.000  0.005817  0.00129  0.127 0.170 0.195  0.039
  612  0.0000 1.000  0.00581  0.00129  0.165 0.234 0.226  0.042
  613  0.0000 1.000  0.005781  0.00129  0.136 0.183 0.186  0.055
  614  0.0000 1.000  0.005756  0.00129  0.067 0.107 0.099  0.067
  615  0.0000 1.000  0.005747  0.00129  0.151 0.193 0.193  0.041
  616  0.0000 1.000  0.00574  0.00129  0.051 0.083 0.064  0.102
  617  0.0000 1.000  0.005694  0.00128  0.162 0.237 0.218  0.032
  618  0.0000 1.000  0.005687  0.00128  0.109 0.156 0.150  0.040
  619  0.0000 1.000  0.005656  0.00128  0.167 0.242 0.237  0.042
  620  0.0000 1.000  0.00563  0.00127  0.170 0.241 0.263  0.040
  621  0.0000 1.000  0.005623  0.00127  0.068 0.104 0.116  0.071
  622  0.0000 1.000  0.005598  0.00127  0.119 0.159 0.146  0.051
  623  0.0000 1.000  0.005587  0.00127  0.169 0.248 0.237  0.040
  624  0.0000 1.000  0.005565  0.00127  0.140 0.201 0.177  0.051
  625  0.0000 1.000  0.005506  0.00126  0.136 0.197 0.146  0.047
  626  0.0000 1.000   0.0055  0.00126  0.149 0.208 0.178  0.042
  627  0.0000 1.000  0.005481  0.00126  0.114 0.170 0.152  0.047
  628  0.0000 1.000  0.005454  0.00125  0.117 0.172 0.172  0.039
  629  0.0000 1.000  0.005446  0.00125  0.140 0.210 0.206  0.045
  630  0.0000 1.000  0.005436  0.00125  0.172 0.253 0.242  0.032
  631  0.0000 1.000  0.005379  0.00124  0.145 0.235 0.193  0.037
  632  0.0000 1.000  0.005357  0.00124  0.167 0.259 0.244  0.031
  633  0.0000 1.000  0.005342  0.00124  0.166 0.255 0.235  0.044
  634  0.0000 1.000  0.005303  0.00124  0.095 0.152 0.134  0.073
  635  0.0000 1.000  0.005284  0.00123  0.129 0.200 0.170  0.043
  636  0.0000 1.000  0.005274  0.00123  0.038 0.047 0.043  0.087
  637  0.0000 1.000  0.005227  0.00123  0.094 0.142 0.119  0.037
  638  0.0000 1.000  0.005221  0.00123  0.050 0.076 0.069  0.074
  639  0.0000 1.000   0.0052  0.00122  0.112 0.163 0.202  0.042
  640  0.0000 1.000  0.005167  0.00122  0.151 0.215 0.230  0.034
  641  0.0000 1.000  0.00515  0.00122  0.157 0.211 0.219  0.039
  642  0.0000 1.000  0.005129  0.00121  0.146 0.205 0.219  0.033
  643  0.0000 1.000  0.005096  0.00121  0.168 0.244 0.256  0.031
  644  0.0000 1.000  0.005082  0.00121  0.122 0.161 0.165  0.036
  645  0.0000 1.000  0.005058  0.00121  0.101 0.147 0.110  0.055
  646  0.0000 1.000  0.005017   0.0012  0.047 0.070 0.075  0.053
  647  0.0000 1.000  0.004999   0.0012  0.117 0.173 0.164  0.036
  648  0.0000 1.000  0.004991   0.0012  0.128 0.206 0.183  0.044
  649  0.0000 1.000  0.004959  0.00119  0.110 0.162 0.177  0.043
  650  0.0000 1.000  0.004951  0.00119  0.088 0.145 0.151  0.060
  651  0.0000 1.000  0.004944  0.00119  0.111 0.174 0.183  0.057
  652  0.0000 1.000  0.004901  0.00119  0.156 0.249 0.246  0.029
  653  0.0000 1.000  0.004876  0.00118  0.155 0.256 0.260  0.032
  654  0.0000 1.000  0.004861  0.00118  0.098 0.161 0.124  0.050
  655  0.0000 1.000  0.004833  0.00118  0.129 0.201 0.189  0.035
  656  0.0000 1.000  0.004828  0.00118  0.177 0.269 0.231  0.032
  657  0.0000 1.000  0.004808  0.00118  0.136 0.196 0.203  0.033
  658  0.0000 1.000  0.004794  0.00117  0.193 0.299 0.284  0.028
  659  0.0000 1.000  0.004776  0.00117  0.128 0.203 0.183  0.039
  660  0.0000 1.000  0.004767  0.00117  0.122 0.194 0.187  0.040
  661  0.0000 1.000  0.004755  0.00117  0.154 0.234 0.228  0.030
  662  0.0000 1.000  0.00473  0.00117  0.129 0.186 0.183  0.043
  663  0.0000 1.000  0.004712  0.00116  0.137 0.216 0.192  0.054
  664  0.0000 1.000  0.004693  0.00116  0.111 0.181 0.153  0.050
  665  0.0000 1.000  0.004687  0.00116  0.125 0.208 0.156  0.059
  666  0.0000 1.000  0.004674  0.00116  0.127 0.206 0.187  0.035
  667  0.0000 1.000  0.004663  0.00116  0.004 0.012 0.005  0.166
  668  0.0000 1.000  0.004637  0.00116  0.066 0.108 0.102  0.064
  669  0.0000 1.000  0.004618  0.00115  0.109 0.162 0.174  0.049
  670  0.0000 1.000  0.004588  0.00115  0.133 0.188 0.199  0.045
  671  0.0000 1.000  0.004545  0.00114  0.185 0.278 0.294  0.033
  672  0.0000 1.000  0.004543  0.00114  0.137 0.216 0.191  0.041
  673  0.0000 1.000  0.004536  0.00114  0.142 0.192 0.184  0.042
  674  0.0000 1.000  0.004508  0.00114  0.133 0.198 0.224  0.041
  675  0.0000 1.000  0.004502  0.00114  0.168 0.246 0.242  0.026
  676  0.0000 1.000  0.004493  0.00114  0.132 0.206 0.197  0.050
  677  0.0000 1.000  0.004469  0.00113  0.088 0.156 0.148  0.043
  678  0.0000 1.000  0.004463  0.00113  0.118 0.175 0.139  0.049
  679  0.0000 1.000  0.004453  0.00113  0.134 0.219 0.193  0.035
  680  0.0000 1.000  0.004437  0.00113  0.154 0.215 0.187  0.043
  681  0.0000 1.000  0.004427  0.00113  0.100 0.151 0.109  0.065
  682  0.0000 1.000   0.0044  0.00113  0.149 0.231 0.258  0.032
  683  0.0000 1.000  0.004371  0.00112  0.133 0.217 0.233  0.030
  684  0.0000 1.000  0.004359  0.00112  0.099 0.163 0.171  0.033
  685  0.0000 1.000  0.004336  0.00112  0.132 0.216 0.211  0.038
  686  0.0000 1.000  0.004328  0.00112  0.123 0.196 0.169  0.041
  687  0.0000 1.000  0.004318  0.00111  0.112 0.181 0.170  0.049
  688  0.0000 1.000  0.004306  0.00111  0.063 0.123 0.111  0.047
  689  0.0000 1.000  0.004295  0.00111  0.151 0.266 0.260  0.033
  690  0.0000 1.000  0.004271  0.00111  0.078 0.109 0.149  0.033
  691  0.0000 1.000  0.004259  0.00111  0.163 0.258 0.234  0.037
  692  0.0000 1.000  0.004254  0.00111  0.099 0.156 0.139  0.047
  693  0.0000 1.000  0.004247  0.00111  0.101 0.160 0.149  0.045
  694  0.0000 1.000  0.004237   0.0011  0.138 0.199 0.194  0.037
  695  0.0000 1.000  0.00418   0.0011  0.145 0.214 0.226  0.027
  696  0.0000 1.000  0.004168   0.0011  0.150 0.214 0.242  0.027
  697  0.0000 1.000  0.004163  0.00109  0.127 0.193 0.173  0.046
  698  0.0000 1.000  0.004157  0.00109  0.119 0.192 0.171  0.037
  699  0.0000 1.000  0.004148  0.00109  0.143 0.236 0.228  0.045
  700  0.0000 1.000  0.004133  0.00109  0.171 0.285 0.251  0.033
  701  0.0000 1.000  0.004118  0.00109  0.106 0.194 0.154  0.050
  702  0.0000 1.000  0.004099  0.00109  0.123 0.198 0.174  0.045
  703  0.0000 1.000  0.004091  0.00109  0.098 0.159 0.151  0.036
  704  0.0000 1.000  0.004087  0.00108  0.066 0.108 0.106  0.060
  705  0.0000 1.000  0.004081  0.00108  0.134 0.209 0.187  0.043
  706  0.0000 1.000  0.004062  0.00108  0.128 0.210 0.188  0.036
  707  0.0000 1.000  0.004048  0.00108  0.112 0.189 0.165  0.041
  708  0.0000 1.000  0.00402  0.00108  0.163 0.276 0.253  0.033
  709  0.0000 1.000  0.003999  0.00107  0.097 0.171 0.145  0.061
  710  0.0000 1.000  0.00399  0.00107  0.129 0.201 0.202  0.031
  711  0.0000 1.000  0.003983  0.00107  0.111 0.188 0.170  0.049
  712  0.0000 1.000  0.00397  0.00107  0.090 0.151 0.117  0.043
  713  0.0000 1.000  0.003949  0.00107  0.065 0.087 0.089  0.048
  714  0.0000 1.000  0.003942  0.00107  0.045 0.058 0.062  0.057
  715  0.0000 1.000  0.003925  0.00106  0.138 0.219 0.220  0.037
  716  0.0000 1.000  0.003916  0.00106  0.138 0.211 0.204  0.042
  717  0.0000 1.000  0.003901  0.00106  0.075 0.123 0.125  0.045
  718  0.0000 1.000  0.003894  0.00106  0.122 0.211 0.185  0.039
  719  0.0000 1.000  0.003832  0.00105  0.102 0.164 0.180  0.037
  720  0.0000 1.000  0.003805  0.00105  0.098 0.175 0.149  0.039
  721  0.0000 1.000  0.003793  0.00104  0.062 0.105 0.096  0.047
  722  0.0000 1.000  0.003784  0.00104  0.053 0.083 0.067  0.053
  723  0.0000 1.000  0.003769  0.00104  0.120 0.222 0.199  0.030
  724  0.0000 1.000  0.003755  0.00104  0.131 0.218 0.196  0.032
  725  0.0000 1.000  0.003746  0.00104  0.103 0.168 0.150  0.047
  726  0.0000 1.000  0.003729  0.00104  0.103 0.172 0.153  0.040
  727  0.0000 1.000  0.003725  0.00104  0.097 0.169 0.158  0.050
  728  0.0000 1.000  0.003715  0.00103  0.044 0.064 0.058  0.057
  729  0.0000 1.000  0.003713  0.00103  0.118 0.184 0.162  0.040
  730  0.0000 1.000  0.003695  0.00103  0.099 0.170 0.164  0.044
  731  0.0000 1.000  0.003692  0.00103  0.097 0.178 0.151  0.036
  732  0.0000 1.000  0.003679  0.00103  0.109 0.193 0.182  0.036
  733  0.0000 1.000  0.003651  0.00103  0.120 0.220 0.194  0.038
  734  0.0000 1.000  0.003634  0.00102  0.062 0.116 0.105  0.046
  735  0.0000 1.000  0.003605  0.00102  0.057 0.077 0.089  0.048
  736  0.0000 1.000   0.0036  0.00102  0.120 0.193 0.167  0.031
  737  0.0000 1.000  0.003585  0.00102  0.124 0.216 0.207  0.033
  738  0.0000 1.000  0.003572  0.00101  0.096 0.145 0.140  0.031
  739  0.0000 1.000  0.003569  0.00101  0.091 0.147 0.135  0.033
  740  0.0000 1.000  0.003543  0.00101  0.107 0.184 0.166  0.042
  741  0.0000 1.000  0.003527  0.00101  0.066 0.113 0.121  0.047
  742  0.0000 1.000  0.003477    0.001  0.053 0.065 0.087  0.040
  743  0.0000 1.000  0.003461  0.000998  0.110 0.183 0.191  0.027
  744  0.0000 1.000  0.00346  0.000998  0.081 0.132 0.171  0.033
  745  0.0000 1.000  0.003448  0.000996  0.089 0.166 0.133  0.044
  746  0.0000 1.000  0.003435  0.000994  0.081 0.148 0.138  0.032
  747  0.0000 1.000  0.003395  0.000988  0.070 0.124 0.125  0.045
  748  0.0000 1.000  0.003359  0.000983  0.117 0.186 0.194  0.046
  749  0.0000 1.000  0.003342  0.000981  0.090 0.132 0.135  0.065
  750  0.0000 1.000  0.003335  0.00098  0.097 0.176 0.155  0.045
  751  0.0000 1.000  0.00332  0.000977  0.102 0.146 0.169  0.037
  752  0.0000 1.000  0.003287  0.000973  0.103 0.193 0.182  0.042
  753  0.0000 1.000  0.003276  0.000971  0.049 0.106 0.067  0.062
  754  0.0000 1.000  0.003236  0.000965  0.114 0.191 0.193  0.035
  755  0.0000 1.000  0.00323  0.000964  0.078 0.152 0.128  0.040
  756  0.0000 1.000  0.003215  0.000962  0.047 0.105 0.065  0.068
  757  0.0000 1.000  0.00321  0.000961  0.087 0.166 0.115  0.048
  758  0.0000 1.000  0.003204  0.00096  0.046 0.077 0.074  0.077
  759  0.0000 1.000  0.003191  0.000958  0.091 0.148 0.139  0.038
  760  0.0000 1.000  0.003186  0.000957  0.072 0.113 0.156  0.040
  761  0.0000 1.000  0.003152  0.000952  0.014 0.020 0.055  0.054
  762  0.0000 1.000  0.003146  0.000951  0.078 0.170 0.148  0.036
  763  0.0000 1.000  0.003132  0.000949  0.031 0.068 0.042  0.079
  764  0.0000 1.000  0.003124  0.000948  0.067 0.132 0.113  0.043
  765  0.0000 1.000  0.003117  0.000947  0.048 0.101 0.081  0.059
  766  0.0000 1.000  0.003078  0.000941  0.098 0.173 0.151  0.030
  767  0.0000 1.000  0.003076  0.000941  0.107 0.175 0.169  0.028
  768  0.0000 1.000  0.003066  0.000939  0.046 0.093 0.078  0.043
  769  0.0000 1.000  0.003061  0.000939  0.065 0.132 0.094  0.035
  770  0.0000 1.000  0.003052  0.000937  0.084 0.150 0.156  0.038
  771  0.0000 1.000  0.003028  0.000933  0.053 0.107 0.103  0.045
  772  0.0000 1.000  0.003021  0.000932  0.041 0.073 0.061  0.044
  773  0.0000 1.000  0.003007  0.00093  0.066 0.122 0.132  0.041
  774  0.0000 1.000  0.002972  0.000925  0.064 0.110 0.119  0.040
  775  0.0000 1.000  0.002962  0.000923  0.060 0.094 0.107  0.041
  776  0.0000 1.000  0.002957  0.000922  0.062 0.097 0.079  0.043
  777  0.0000 1.000  0.002952  0.000922  0.103 0.164 0.178  0.034
  778  0.0000 1.000  0.002938  0.000919  0.104 0.187 0.187  0.029
  779  0.0000 1.000  0.002917  0.000916  0.104 0.184 0.169  0.029
  780  0.0000 1.000  0.002909  0.000915  0.063 0.132 0.121  0.046
  781  0.0000 1.000  0.002897  0.000913  0.047 0.096 0.076  0.057
  782  0.0000 1.000  0.002891  0.000912  0.099 0.173 0.166  0.031
  783  0.0000 1.000  0.002875  0.00091  0.033 0.047 0.041  0.064
  784  0.0000 1.000  0.002861  0.000907  0.050 0.092 0.085  0.052
  785  0.0000 1.000  0.002859  0.000907  0.078 0.140 0.125  0.044
  786  0.0000 1.000  0.002832  0.000903  0.016 0.029 0.019  0.054
  787  0.0000 1.000  0.002824  0.000902  0.066 0.112 0.124  0.037
  788  0.0000 1.000  0.002807  0.000899  0.051 0.094 0.107  0.036
  789  0.0000 1.000  0.002792  0.000896  0.039 0.073 0.075  0.057
  790  0.0000 1.000  0.00278  0.000894  0.082 0.160 0.144  0.035
  791  0.0000 1.000  0.002777  0.000894  0.038 0.076 0.050  0.065
  792  0.0000 1.000  0.002751  0.00089  0.083 0.131 0.137  0.029
  793  0.0000 1.000  0.002742  0.000888  0.033 0.044 0.062  0.058
  794  0.0000 1.000  0.002708  0.000883  0.042 0.081 0.061  0.054
  795  0.0000 1.000  0.002693  0.00088  0.064 0.119 0.120  0.039
  796  0.0000 1.000  0.002674  0.000877  0.057 0.108 0.111  0.037
  797  0.0000 1.000  0.002658  0.000875  0.060 0.092 0.087  0.035
  798  0.0000 1.000  0.002611  0.000867  0.059 0.110 0.089  0.040
  799  0.0000 1.000  0.002595  0.000864  0.027 0.055 0.040  0.054
  800  0.0000 1.000  0.002582  0.000862  0.027 0.049 0.050  0.045
  801  0.0000 1.000  0.002574  0.000861  0.034 0.071 0.054  0.055
  802  0.0000 1.000  0.002561  0.000859  0.029 0.045 0.045  0.042
  803  0.0000 1.000  0.002557  0.000858  0.082 0.150 0.132  0.035
  804  0.0000 1.000  0.002554  0.000857  0.042 0.058 0.057  0.055
  805  0.0000 1.000  0.00254  0.000855  0.071 0.126 0.119  0.035
  806  0.0000 1.000  0.002526  0.000853  0.037 0.059 0.081  0.035
  807  0.0000 1.000  0.002498  0.000848  0.012 0.022 0.029  0.060
  808  0.0000 1.000  0.002486  0.000846  0.032 0.054 0.053  0.051
  809  0.0000 1.000  0.00248  0.000845  0.012 0.024 0.017  0.062
  810  0.0000 1.000  0.002458  0.000841  0.064 0.109 0.086  0.044
  811  0.0000 1.000  0.002437  0.000837  0.062 0.108 0.115  0.028
  812  0.0000 1.000  0.002419  0.000834  0.041 0.085 0.078  0.042
  813  0.0000 1.000  0.002414  0.000833  0.040 0.072 0.072  0.036
  814  0.0000 1.000  0.00239  0.000829  0.005 0.015 0.011  0.076
  815  0.0000 1.000  0.002367  0.000825  0.046 0.080 0.070  0.039
  816  0.0000 1.000  0.002362  0.000824  0.045 0.105 0.079  0.051
  817  0.0000 1.000  0.00236  0.000824  0.021 0.059 0.036  0.079
  818  0.0000 1.000  0.002358  0.000824  0.011 0.029 0.019  0.073
  819  0.0000 1.000  0.002334  0.00082  0.023 0.037 0.034  0.051
  820  0.0000 1.000  0.002332  0.000819  0.015 0.032 0.020  0.050
  821  0.0000 1.000  0.00232  0.000817  0.035 0.053 0.063  0.032
  822  0.0000 1.000  0.002305  0.000814  0.029 0.058 0.049  0.048
  823  0.0000 1.000  0.002279  0.00081  0.003 0.007 0.006  0.098
  824  0.0000 1.000  0.002272  0.000809  0.021 0.041 0.038  0.052
  825  0.0000 1.000  0.002261  0.000807  0.019 0.049 0.045  0.051
  826  0.0000 1.000  0.002223   0.0008  0.005 0.013 0.008  0.080
  827  0.0000 1.000  0.002206  0.000797  0.017 0.021 0.036  0.052
  828  0.0000 1.000  0.002183  0.000793  0.029 0.042 0.051  0.037
  829  0.0000 1.000  0.002177  0.000792  0.006 0.013 0.014  0.073
  830  0.0000 1.000  0.002172  0.000791  0.015 0.041 0.031  0.054
  831  0.0000 1.000  0.002171  0.00079  0.005 0.021 0.012  0.100
  832  0.0000 1.000  0.002144  0.000785  0.022 0.029 0.049  0.044
  833  0.0000 1.000  0.002112  0.00078  0.029 0.044 0.055  0.040
  834  0.0000 1.000  0.002107  0.000779  0.012 0.009 0.023  0.038
  835  0.0000 1.000  0.00209  0.000776  0.011 0.014 0.039  0.056
  836  0.0000 1.000  0.002072  0.000772  0.026 0.044 0.052  0.039
  837  0.0000 1.000  0.00207  0.000772  0.010 0.027 0.022  0.075
  838  0.0000 1.000  0.002047  0.000768  0.013 0.029 0.028  0.063
  839  0.0000 1.000  0.001979  0.000755  0.008 0.015 0.026  0.056
  840  0.0000 1.000  0.001961  0.000751  0.011 0.022 0.019  0.068
  841  0.0000 1.000  0.001723  0.000704  0.004 0.009 0.006  0.085
  842  0.0000 1.000  0.001581  0.000674  0.007 0.013 0.015  0.044
  843  0.0000 1.000  0.001386  0.000632  0.004 0.009 0.005  0.076
