# mean= 0.0232 s.d.= 0.0536 thr=0.012 0.13 SIGMA= 2
#Residue names written in A0A0A0MQ68-AFv4A_MIN4.5_ALL_PHIPSIPSI.names.dat
#resi resj coupling
25 26 0.131
27 28 0.158
30 31 0.163
33 34 0.147
34 35 0.17
35 36 0.281
36 37 0.207
36 38 0.161
37 38 0.268
37 39 0.171
38 39 0.242
38 40 0.138
39 40 0.247
39 41 0.238
40 41 0.295
40 42 0.261
41 42 0.234
41 43 0.179
42 43 0.257
42 44 0.274
43 44 0.276
43 45 0.185
43 46 0.143
44 45 0.224
44 46 0.259
45 46 0.357
45 47 0.26
45 48 0.155
46 47 0.221
46 48 0.172
46 49 0.153
47 48 0.34
47 49 0.296
47 50 0.192
48 49 0.345
48 50 0.228
48 51 0.233
49 50 0.287
49 51 0.237
49 52 0.15
50 51 0.352
50 52 0.372
50 53 0.158
50 54 0.134
51 52 0.364
51 53 0.27
51 54 0.251
51 55 0.17
51 56 0.133
52 53 0.317
52 54 0.286
52 55 0.253
52 56 0.194
52 57 0.185
52 58 0.137
52 59 0.155
52 60 0.151
53 54 0.492
53 55 0.343
53 56 0.274
53 57 0.219
53 58 0.165
53 59 0.163
53 60 0.167
53 61 0.156
54 55 0.397
54 56 0.327
54 57 0.258
54 58 0.186
54 59 0.189
54 60 0.216
54 61 0.205
54 62 0.136
54 63 0.137
55 56 0.543
55 57 0.475
55 58 0.313
55 59 0.306
55 60 0.259
55 61 0.223
55 314 0.152
56 57 0.525
56 58 0.469
56 59 0.35
56 60 0.299
56 61 0.331
56 62 0.151
56 313 0.147
56 314 0.199
56 317 0.141
56 348 0.178
56 351 0.141
56 352 0.139
57 58 0.491
57 59 0.558
57 60 0.358
57 61 0.27
57 63 0.135
57 311 0.158
57 312 0.152
57 313 0.154
57 314 0.249
57 315 0.183
57 317 0.152
57 318 0.164
57 348 0.137
58 59 0.458
58 60 0.265
58 61 0.275
58 311 0.144
58 312 0.175
58 313 0.223
58 314 0.314
58 315 0.219
58 316 0.203
58 317 0.264
58 318 0.226
58 347 0.145
58 348 0.238
58 351 0.153
59 60 0.41
59 61 0.262
59 63 0.139
59 139 0.135
59 140 0.198
59 310 0.164
59 311 0.239
59 312 0.234
59 313 0.212
59 314 0.372
59 315 0.272
59 316 0.168
59 317 0.184
59 318 0.204
59 348 0.145
59 351 0.133
60 61 0.428
60 62 0.278
60 63 0.326
60 64 0.212
60 65 0.158
60 136 0.166
60 139 0.143
60 140 0.157
60 308 0.152
60 309 0.165
60 310 0.239
60 311 0.268
60 312 0.187
60 313 0.174
60 314 0.245
60 315 0.138
60 351 0.183
60 352 0.201
60 355 0.164
61 62 0.394
61 63 0.243
61 64 0.154
61 309 0.158
61 310 0.231
61 311 0.166
61 312 0.142
61 313 0.188
61 314 0.2
61 348 0.228
61 349 0.175
61 350 0.153
61 351 0.309
61 352 0.362
61 353 0.157
61 354 0.155
61 355 0.188
61 386 0.136
62 63 0.386
62 64 0.279
62 306 0.133
62 307 0.165
62 309 0.146
62 310 0.2
62 351 0.228
62 352 0.36
62 353 0.221
62 354 0.233
62 355 0.342
62 356 0.26
62 357 0.135
62 358 0.14
63 64 0.554
63 65 0.316
63 66 0.246
63 67 0.179
63 133 0.139
63 136 0.171
63 307 0.179
63 308 0.155
63 310 0.16
63 311 0.148
63 352 0.165
63 355 0.243
63 356 0.176
64 65 0.394
64 66 0.34
64 67 0.287
64 68 0.192
64 129 0.133
64 132 0.209
64 133 0.217
64 135 0.168
64 136 0.214
64 304 0.149
64 305 0.142
64 306 0.14
64 307 0.253
64 308 0.195
64 310 0.151
64 311 0.138
64 352 0.132
64 355 0.274
64 356 0.213
64 358 0.17
64 359 0.207
65 66 0.481
65 67 0.262
65 68 0.274
65 72 0.149
65 73 0.195
65 76 0.183
65 130 0.143
65 132 0.19
65 133 0.3
65 134 0.196
65 135 0.192
65 136 0.216
65 137 0.172
65 307 0.139
65 308 0.136
66 67 0.46
66 68 0.416
66 69 0.186
66 72 0.172
66 73 0.171
66 129 0.181
66 130 0.17
66 131 0.143
66 132 0.19
66 133 0.229
66 134 0.143
66 135 0.131
66 359 0.148
67 68 0.454
67 69 0.198
67 72 0.155
67 128 0.17
67 129 0.307
67 130 0.202
67 131 0.184
67 132 0.25
67 133 0.202
67 304 0.149
67 307 0.135
67 356 0.135
67 358 0.148
67 359 0.272
67 360 0.136
67 362 0.183
67 363 0.141
68 69 0.39
68 70 0.194
68 71 0.153
68 72 0.337
68 73 0.231
68 75 0.131
68 76 0.156
68 127 0.176
68 128 0.194
68 129 0.345
68 130 0.372
68 131 0.286
68 132 0.265
68 133 0.279
68 134 0.194
68 135 0.15
68 359 0.152
69 70 0.39
69 71 0.329
69 72 0.477
69 73 0.241
69 74 0.148
69 75 0.178
69 76 0.136
69 115 0.132
69 116 0.188
69 117 0.158
69 126 0.231
69 127 0.258
69 128 0.177
69 129 0.227
69 130 0.356
69 131 0.226
69 132 0.134
69 133 0.148
69 134 0.135
70 71 0.618
70 72 0.435
70 73 0.335
70 74 0.316
70 75 0.318
70 76 0.179
70 112 0.133
70 113 0.174
70 114 0.132
70 116 0.163
70 124 0.137
70 126 0.177
70 130 0.209
70 131 0.132
71 72 0.402
71 73 0.268
71 74 0.302
71 75 0.335
71 76 0.159
71 112 0.195
71 113 0.232
71 114 0.183
71 115 0.154
71 116 0.227
71 117 0.131
71 123 0.141
71 124 0.215
71 125 0.148
71 126 0.242
71 127 0.15
71 130 0.212
71 131 0.138
72 73 0.428
72 74 0.258
72 75 0.343
72 76 0.262
72 113 0.23
72 114 0.195
72 115 0.169
72 116 0.238
72 117 0.143
72 126 0.208
72 127 0.194
72 128 0.144
72 129 0.202
72 130 0.449
72 131 0.29
72 132 0.162
72 133 0.224
72 134 0.246
72 153 0.145
73 74 0.409
73 75 0.455
73 76 0.501
73 77 0.279
73 78 0.193
73 79 0.23
73 80 0.148
73 113 0.202
73 114 0.14
73 130 0.233
73 131 0.168
73 133 0.229
73 134 0.283
73 135 0.138
73 137 0.132
74 75 0.605
74 76 0.321
74 77 0.295
74 78 0.328
74 79 0.279
74 80 0.137
74 108 0.192
74 109 0.155
74 111 0.215
74 112 0.194
74 113 0.248
74 114 0.149
74 134 0.154
75 76 0.39
75 77 0.266
75 78 0.271
75 79 0.289
75 80 0.138
75 105 0.147
75 108 0.23
75 109 0.186
75 111 0.216
75 112 0.232
75 113 0.374
75 114 0.233
75 116 0.166
75 130 0.191
75 131 0.141
75 133 0.147
75 134 0.225
75 179 0.138
76 77 0.418
76 78 0.252
76 79 0.378
76 80 0.267
76 83 0.145
76 105 0.137
76 108 0.176
76 113 0.211
76 114 0.145
76 130 0.182
76 131 0.153
76 133 0.267
76 134 0.398
76 135 0.195
76 136 0.148
76 137 0.233
76 138 0.204
76 146 0.135
76 149 0.18
77 78 0.456
77 79 0.557
77 80 0.444
77 81 0.283
77 82 0.262
77 83 0.24
77 104 0.152
77 105 0.138
77 108 0.186
77 111 0.131
77 113 0.135
77 134 0.182
77 137 0.183
77 138 0.163
78 79 0.519
78 80 0.269
78 81 0.279
78 82 0.313
78 83 0.182
78 103 0.138
78 104 0.189
78 105 0.181
78 106 0.169
78 107 0.239
78 108 0.28
78 109 0.157
78 110 0.147
78 111 0.246
78 112 0.131
78 113 0.158
79 80 0.411
79 81 0.281
79 82 0.318
79 83 0.264
79 102 0.154
79 103 0.147
79 104 0.249
79 105 0.242
79 106 0.16
79 107 0.21
79 108 0.317
79 109 0.148
79 111 0.192
79 113 0.19
79 134 0.195
79 137 0.171
79 138 0.172
80 81 0.391
80 82 0.34
80 83 0.502
80 84 0.254
80 85 0.15
80 86 0.173
80 87 0.234
80 88 0.13
80 101 0.14
80 104 0.202
80 105 0.138
80 108 0.149
80 134 0.158
80 137 0.272
80 138 0.261
80 141 0.159
80 145 0.172
81 82 0.627
81 83 0.424
81 84 0.326
81 85 0.31
81 86 0.336
81 87 0.27
81 88 0.143
81 101 0.151
81 103 0.155
81 104 0.214
81 107 0.154
81 108 0.13
82 83 0.396
82 84 0.258
82 85 0.276
82 86 0.355
82 87 0.261
82 101 0.197
82 102 0.192
82 103 0.242
82 104 0.319
82 105 0.169
82 106 0.143
82 107 0.238
82 108 0.187
83 84 0.425
83 85 0.246
83 86 0.297
83 87 0.455
83 88 0.23
83 89 0.134
83 90 0.166
83 91 0.148
83 100 0.196
83 101 0.241
83 102 0.17
83 103 0.151
83 104 0.258
83 105 0.135
83 137 0.202
83 138 0.221
83 141 0.2
83 145 0.184
84 85 0.4
84 86 0.364
84 87 0.53
84 88 0.422
84 89 0.274
84 90 0.29
84 91 0.221
84 94 0.155
84 99 0.135
84 100 0.147
84 101 0.177
84 104 0.137
84 141 0.19
85 86 0.6
85 87 0.333
85 88 0.239
85 89 0.284
85 90 0.253
85 101 0.161
85 104 0.134
86 87 0.4
86 88 0.221
86 89 0.236
86 90 0.25
86 100 0.134
86 101 0.249
86 102 0.155
86 103 0.197
86 104 0.21
87 88 0.418
87 89 0.268
87 90 0.356
87 91 0.268
87 94 0.212
87 99 0.22
87 100 0.26
87 101 0.317
87 102 0.157
87 103 0.14
87 104 0.203
87 138 0.139
87 141 0.205
87 145 0.143
87 266 0.154
88 89 0.416
88 90 0.488
88 91 0.482
88 92 0.245
88 93 0.226
88 94 0.324
88 95 0.177
88 97 0.143
88 98 0.147
88 99 0.228
88 100 0.173
88 101 0.158
88 141 0.237
88 142 0.137
88 266 0.167
89 90 0.582
89 91 0.278
89 92 0.208
89 93 0.243
89 94 0.23
89 99 0.159
90 91 0.39
90 92 0.233
90 93 0.279
90 94 0.349
90 95 0.147
90 97 0.161
90 98 0.141
90 99 0.265
90 100 0.176
90 101 0.19
90 141 0.135
90 266 0.132
91 92 0.394
91 93 0.345
91 94 0.6
91 95 0.351
91 96 0.219
91 97 0.276
91 98 0.29
91 99 0.361
91 100 0.208
91 101 0.141
91 140 0.136
91 141 0.267
91 142 0.183
91 265 0.158
91 266 0.274
91 407 0.132
92 93 0.579
92 94 0.376
92 95 0.343
92 96 0.401
92 97 0.397
92 98 0.23
92 99 0.193
92 141 0.133
92 266 0.147
92 404 0.185
92 405 0.212
92 406 0.156
92 407 0.217
93 94 0.396
93 95 0.263
93 96 0.325
93 97 0.425
93 98 0.213
93 99 0.217
93 405 0.16
93 407 0.134
94 95 0.388
94 96 0.256
94 97 0.381
94 98 0.387
94 99 0.496
94 100 0.232
94 101 0.149
94 141 0.196
94 142 0.153
94 265 0.172
94 266 0.289
95 96 0.421
95 97 0.415
95 98 0.534
95 99 0.274
95 100 0.143
95 140 0.137
95 141 0.213
95 142 0.212
95 259 0.148
95 264 0.161
95 265 0.342
95 266 0.339
95 267 0.144
95 315 0.147
95 404 0.164
95 407 0.233
95 410 0.22
95 411 0.15
96 97 0.53
96 98 0.293
96 99 0.158
96 265 0.173
96 266 0.148
96 404 0.292
96 405 0.235
96 406 0.194
96 407 0.279
96 408 0.136
96 410 0.191
97 98 0.388
97 99 0.256
97 265 0.169
97 266 0.181
97 404 0.158
97 405 0.144
97 407 0.16
98 99 0.39
98 100 0.205
98 141 0.179
98 142 0.195
98 144 0.146
98 259 0.195
98 260 0.131
98 261 0.132
98 264 0.17
98 265 0.37
98 266 0.42
98 267 0.192
98 268 0.148
98 407 0.131
98 410 0.147
99 100 0.41
99 101 0.233
99 141 0.179
99 142 0.156
99 145 0.139
99 265 0.178
99 266 0.352
99 267 0.185
99 268 0.16
100 101 0.405
100 102 0.213
100 104 0.191
100 138 0.159
100 141 0.189
100 142 0.171
100 144 0.169
100 145 0.257
100 225 0.155
100 226 0.167
100 257 0.141
100 265 0.136
100 266 0.314
100 267 0.271
100 268 0.268
101 102 0.398
101 103 0.284
101 104 0.364
101 105 0.17
101 107 0.136
101 145 0.147
101 226 0.152
101 266 0.136
102 103 0.476
102 104 0.574
102 105 0.377
102 106 0.243
102 107 0.264
102 108 0.237
102 226 0.238
103 104 0.485
103 105 0.286
103 106 0.309
103 107 0.407
103 108 0.231
103 110 0.132
103 111 0.14
104 105 0.403
104 106 0.261
104 107 0.337
104 108 0.305
104 109 0.138
104 111 0.145
104 226 0.172
105 106 0.39
105 107 0.338
105 108 0.547
105 109 0.285
105 110 0.173
105 111 0.235
105 112 0.162
105 113 0.224
105 114 0.177
105 148 0.131
105 149 0.152
105 178 0.146
105 179 0.298
105 180 0.178
105 181 0.181
105 182 0.258
105 226 0.232
105 227 0.194
105 228 0.163
106 107 0.56
106 108 0.436
106 109 0.394
106 110 0.376
106 111 0.37
106 112 0.199
106 113 0.163
106 178 0.222
106 179 0.34
106 180 0.286
106 181 0.183
106 182 0.157
107 108 0.405
107 109 0.266
107 110 0.3
107 111 0.33
107 112 0.146
107 113 0.13
107 178 0.139
107 179 0.206
107 180 0.165
108 109 0.408
108 110 0.259
108 111 0.399
108 112 0.25
108 113 0.304
108 114 0.206
108 177 0.133
108 178 0.191
108 179 0.334
108 180 0.197
108 181 0.176
108 182 0.205
108 226 0.134
109 110 0.425
109 111 0.516
109 112 0.486
109 113 0.322
109 114 0.246
109 124 0.134
109 175 0.193
109 176 0.222
109 177 0.267
109 178 0.456
109 179 0.575
109 180 0.4
109 181 0.3
109 182 0.213
109 228 0.155
110 111 0.52
110 112 0.295
110 113 0.153
110 175 0.134
110 177 0.143
110 178 0.327
110 179 0.281
110 180 0.302
110 181 0.155
111 112 0.39
111 113 0.253
111 114 0.164
111 177 0.162
111 178 0.289
111 179 0.309
111 180 0.239
111 181 0.158
112 113 0.384
112 114 0.298
112 115 0.157
112 116 0.182
112 122 0.159
112 123 0.212
112 124 0.253
112 174 0.155
112 175 0.226
112 176 0.263
112 177 0.37
112 178 0.44
112 179 0.363
112 180 0.27
112 181 0.241
112 182 0.163
113 114 0.567
113 115 0.243
113 116 0.283
113 123 0.15
113 124 0.187
113 126 0.154
113 130 0.186
113 131 0.161
113 134 0.198
113 149 0.186
113 152 0.201
113 153 0.178
113 176 0.233
113 177 0.266
113 178 0.212
113 179 0.297
113 180 0.161
113 181 0.211
113 182 0.247
113 183 0.169
113 227 0.137
113 228 0.15
114 115 0.392
114 116 0.398
114 117 0.166
114 123 0.186
114 124 0.212
114 125 0.134
114 126 0.192
114 130 0.201
114 131 0.192
114 134 0.174
114 149 0.208
114 152 0.308
114 153 0.282
114 156 0.149
114 157 0.179
114 173 0.132
114 175 0.152
114 176 0.332
114 177 0.331
114 178 0.199
114 179 0.279
114 180 0.156
114 181 0.26
114 182 0.321
114 183 0.269
114 184 0.133
114 227 0.178
114 228 0.209
114 229 0.197
114 248 0.131
115 116 0.65
115 117 0.391
115 118 0.279
115 119 0.133
115 123 0.24
115 124 0.25
115 125 0.251
115 126 0.346
115 127 0.245
115 128 0.166
115 129 0.134
115 130 0.227
115 131 0.228
115 149 0.139
115 151 0.139
115 152 0.3
115 153 0.422
115 154 0.196
115 155 0.146
115 156 0.279
115 157 0.403
115 158 0.21
115 160 0.139
115 172 0.152
115 173 0.203
115 176 0.281
115 177 0.261
115 181 0.156
115 182 0.178
115 183 0.25
115 184 0.142
115 228 0.143
115 229 0.219
115 230 0.164
115 247 0.141
116 117 0.399
116 118 0.262
116 119 0.132
116 123 0.252
116 124 0.298
116 125 0.282
116 126 0.451
116 127 0.289
116 128 0.175
116 129 0.151
116 130 0.284
116 131 0.252
116 149 0.132
116 152 0.242
116 153 0.339
116 154 0.162
116 156 0.199
116 157 0.288
116 158 0.165
116 173 0.172
116 176 0.24
116 177 0.251
116 181 0.134
116 182 0.148
116 183 0.185
116 229 0.152
117 118 0.467
117 119 0.207
117 123 0.186
117 124 0.199
117 125 0.349
117 126 0.485
117 127 0.482
117 128 0.27
117 129 0.17
117 130 0.208
117 131 0.197
117 152 0.152
117 153 0.263
117 154 0.201
117 155 0.143
117 156 0.228
117 157 0.36
117 158 0.314
117 159 0.173
117 160 0.194
117 161 0.196
117 173 0.159
117 366 0.146
118 119 0.416
118 120 0.205
118 121 0.177
118 123 0.255
118 124 0.23
118 125 0.487
118 126 0.354
118 127 0.251
118 128 0.135
118 153 0.156
118 156 0.169
118 157 0.335
118 158 0.271
118 159 0.171
118 160 0.277
118 161 0.323
118 162 0.154
118 164 0.133
118 168 0.152
118 169 0.206
118 172 0.192
118 173 0.266
118 176 0.141
118 177 0.141
118 245 0.136
119 120 0.426
119 121 0.295
119 122 0.163
119 123 0.242
119 124 0.201
119 125 0.413
119 126 0.207
119 157 0.154
119 160 0.184
119 161 0.262
119 164 0.132
119 166 0.137
119 168 0.201
119 169 0.299
119 170 0.194
119 171 0.159
119 172 0.19
119 173 0.253
119 174 0.144
120 121 0.568
120 122 0.272
120 123 0.253
120 124 0.191
120 125 0.254
120 161 0.139
120 166 0.147
120 167 0.17
120 168 0.199
120 169 0.299
120 170 0.344
120 171 0.261
120 172 0.221
120 173 0.267
120 174 0.223
121 122 0.419
121 123 0.32
121 124 0.22
121 125 0.222
121 167 0.153
121 168 0.19
121 169 0.274
121 170 0.384
121 171 0.369
121 172 0.319
121 173 0.364
121 174 0.374
121 175 0.185
121 176 0.137
121 177 0.157
122 123 0.414
122 124 0.312
122 125 0.188
122 170 0.182
122 171 0.217
122 172 0.244
122 173 0.288
122 174 0.538
122 175 0.314
122 176 0.193
122 177 0.255
122 178 0.188
123 124 0.626
123 125 0.383
123 126 0.255
123 157 0.164
123 169 0.141
123 170 0.136
123 171 0.163
123 172 0.276
123 173 0.392
123 174 0.366
123 175 0.271
123 176 0.297
123 177 0.383
123 178 0.188
123 181 0.149
124 125 0.393
124 126 0.319
124 127 0.134
124 157 0.144
124 172 0.18
124 173 0.259
124 174 0.252
124 175 0.208
124 176 0.25
124 177 0.345
124 178 0.183
124 181 0.131
125 126 0.461
125 127 0.226
125 157 0.202
125 158 0.142
125 160 0.141
125 161 0.171
125 169 0.155
125 172 0.172
125 173 0.254
125 174 0.159
125 176 0.151
125 177 0.177
126 127 0.411
126 128 0.186
126 129 0.142
126 130 0.225
126 131 0.176
126 153 0.187
126 157 0.214
126 158 0.158
126 173 0.155
126 176 0.141
126 177 0.163
127 128 0.424
127 129 0.286
127 130 0.292
127 131 0.254
127 153 0.206
127 154 0.188
127 156 0.152
127 157 0.195
127 158 0.211
127 362 0.144
127 363 0.15
127 366 0.201
128 129 0.493
128 130 0.283
128 131 0.318
128 132 0.222
128 150 0.146
128 151 0.133
128 153 0.218
128 154 0.305
128 155 0.209
128 156 0.172
128 157 0.156
128 158 0.212
128 159 0.136
128 297 0.158
128 300 0.249
128 301 0.187
128 303 0.16
128 304 0.174
128 359 0.165
128 362 0.316
128 363 0.273
128 365 0.198
128 366 0.25
129 130 0.399
129 131 0.444
129 132 0.397
129 133 0.228
129 134 0.158
129 135 0.154
129 150 0.189
129 151 0.149
129 153 0.191
129 154 0.23
129 155 0.158
129 300 0.186
129 301 0.193
129 303 0.18
129 304 0.25
129 358 0.135
129 359 0.243
129 360 0.135
129 362 0.3
129 363 0.213
129 366 0.139
130 131 0.615
130 132 0.301
130 133 0.297
130 134 0.277
130 135 0.184
130 149 0.185
130 150 0.189
130 151 0.153
130 152 0.194
130 153 0.257
130 154 0.179
130 304 0.152
131 132 0.409
131 133 0.327
131 134 0.293
131 135 0.236
131 148 0.141
131 149 0.244
131 150 0.297
131 151 0.24
131 152 0.261
131 153 0.339
131 154 0.263
131 155 0.181
131 156 0.169
131 157 0.142
131 183 0.145
131 184 0.147
131 300 0.131
131 301 0.165
131 304 0.228
131 359 0.131
131 362 0.149
132 133 0.431
132 134 0.268
132 135 0.358
132 136 0.227
132 146 0.17
132 147 0.177
132 148 0.152
132 149 0.208
132 150 0.337
132 151 0.23
132 152 0.154
132 153 0.174
132 154 0.194
132 155 0.15
132 300 0.145
132 301 0.236
132 302 0.15
132 303 0.21
132 304 0.449
132 305 0.222
132 306 0.159
132 307 0.279
132 308 0.211
132 355 0.14
132 358 0.175
132 359 0.248
132 362 0.188
133 134 0.529
133 135 0.516
133 136 0.337
133 137 0.241
133 138 0.208
133 139 0.147
133 145 0.133
133 146 0.239
133 147 0.186
133 148 0.194
133 149 0.264
133 150 0.247
133 151 0.167
133 152 0.142
133 153 0.136
133 304 0.219
133 305 0.137
133 307 0.198
133 308 0.209
134 135 0.441
134 136 0.261
134 137 0.273
134 138 0.261
134 139 0.14
134 145 0.175
134 146 0.261
134 147 0.182
134 148 0.259
134 149 0.381
134 150 0.235
134 151 0.173
134 152 0.187
134 153 0.158
134 223 0.139
134 304 0.144
134 308 0.146
135 136 0.486
135 137 0.302
135 138 0.296
135 139 0.238
135 140 0.133
135 143 0.166
135 144 0.167
135 145 0.22
135 146 0.442
135 147 0.354
135 148 0.324
135 149 0.349
135 150 0.33
135 151 0.223
135 152 0.155
135 222 0.183
135 223 0.173
135 304 0.249
135 305 0.19
135 307 0.246
135 308 0.321
135 311 0.169
136 137 0.392
136 138 0.342
136 139 0.4
136 140 0.237
136 141 0.141
136 142 0.176
136 143 0.261
136 144 0.221
136 145 0.232
136 146 0.408
136 147 0.305
136 148 0.21
136 149 0.184
136 150 0.178
136 222 0.143
136 267 0.141
136 304 0.178
136 305 0.192
136 307 0.282
136 308 0.462
136 309 0.212
136 310 0.216
136 311 0.337
136 312 0.163
136 355 0.154
137 138 0.673
137 139 0.373
137 140 0.305
137 141 0.247
137 142 0.23
137 143 0.203
137 144 0.219
137 145 0.344
137 146 0.338
137 147 0.191
137 148 0.199
137 149 0.173
137 267 0.168
137 268 0.131
137 308 0.192
137 311 0.235
138 139 0.393
138 140 0.297
138 141 0.27
138 142 0.266
138 143 0.23
138 144 0.28
138 145 0.501
138 146 0.416
138 147 0.23
138 148 0.261
138 149 0.206
138 223 0.149
138 266 0.163
138 267 0.235
138 268 0.189
138 308 0.182
138 311 0.209
139 140 0.5
139 141 0.302
139 142 0.433
139 143 0.532
139 144 0.457
139 145 0.355
139 146 0.381
139 147 0.274
139 148 0.184
139 222 0.143
139 264 0.235
139 265 0.163
139 266 0.197
139 267 0.275
139 268 0.189
139 269 0.168
139 307 0.151
139 308 0.307
139 309 0.22
139 310 0.213
139 311 0.464
139 312 0.296
139 313 0.145
139 314 0.192
139 315 0.167
139 414 0.143
140 141 0.488
140 142 0.545
140 143 0.355
140 144 0.309
140 145 0.253
140 146 0.203
140 147 0.139
140 264 0.208
140 265 0.182
140 266 0.223
140 267 0.208
140 268 0.132
140 308 0.172
140 309 0.153
140 310 0.165
140 311 0.407
140 312 0.341
140 313 0.162
140 314 0.26
140 315 0.289
140 411 0.163
140 414 0.142
141 142 0.531
141 143 0.229
141 144 0.26
141 145 0.267
141 146 0.155
141 264 0.169
141 265 0.204
141 266 0.332
141 267 0.228
141 268 0.148
141 311 0.202
141 312 0.191
141 314 0.149
141 315 0.222
142 143 0.41
142 144 0.441
142 145 0.31
142 146 0.208
142 147 0.151
142 263 0.144
142 264 0.308
142 265 0.31
142 266 0.393
142 267 0.334
142 268 0.207
142 269 0.15
142 308 0.141
142 311 0.28
142 312 0.286
142 313 0.135
142 314 0.189
142 315 0.24
142 410 0.143
142 411 0.182
142 414 0.169
143 144 0.567
143 145 0.272
143 146 0.298
143 147 0.28
143 148 0.156
143 222 0.173
143 257 0.15
143 258 0.168
143 261 0.137
143 263 0.188
143 264 0.41
143 265 0.236
143 266 0.217
143 267 0.316
143 268 0.216
143 269 0.241
143 270 0.156
143 307 0.142
143 308 0.287
143 309 0.276
143 310 0.237
143 311 0.389
143 312 0.351
143 313 0.182
143 314 0.198
143 315 0.168
143 411 0.174
143 414 0.239
143 415 0.164
143 417 0.134
143 418 0.159
144 145 0.419
144 146 0.354
144 147 0.306
144 148 0.214
144 222 0.209
144 223 0.17
144 225 0.142
144 256 0.144
144 257 0.222
144 258 0.194
144 259 0.142
144 263 0.147
144 264 0.364
144 265 0.266
144 266 0.314
144 267 0.541
144 268 0.367
144 269 0.322
144 270 0.198
144 308 0.206
144 309 0.164
144 310 0.138
144 311 0.248
144 312 0.217
144 414 0.165
145 146 0.44
145 147 0.276
145 148 0.328
145 149 0.205
145 222 0.179
145 223 0.226
145 224 0.14
145 225 0.184
145 226 0.161
145 257 0.158
145 264 0.158
145 265 0.144
145 266 0.258
145 267 0.434
145 268 0.365
145 269 0.212
145 270 0.137
145 308 0.155
145 311 0.167
146 147 0.544
146 148 0.462
146 149 0.311
146 150 0.24
146 151 0.183
146 221 0.148
146 222 0.279
146 223 0.267
146 224 0.177
146 225 0.16
146 264 0.141
146 266 0.135
146 267 0.275
146 268 0.25
146 269 0.229
146 270 0.163
146 304 0.151
146 305 0.153
146 307 0.172
146 308 0.302
146 309 0.145
146 311 0.209
147 148 0.417
147 149 0.272
147 150 0.304
147 151 0.243
147 184 0.156
147 220 0.167
147 221 0.264
147 222 0.458
147 223 0.3
147 224 0.229
147 225 0.17
147 255 0.153
147 256 0.15
147 257 0.156
147 264 0.148
147 267 0.235
147 268 0.234
147 269 0.308
147 270 0.245
147 271 0.179
147 304 0.202
147 305 0.226
147 307 0.211
147 308 0.335
147 309 0.172
147 310 0.136
147 311 0.173
148 149 0.523
148 150 0.312
148 151 0.282
148 152 0.223
148 153 0.139
148 182 0.152
148 183 0.17
148 184 0.221
148 221 0.172
148 222 0.334
148 223 0.503
148 224 0.327
148 225 0.272
148 226 0.23
148 227 0.218
148 255 0.192
148 256 0.151
148 257 0.139
148 267 0.219
148 268 0.258
148 269 0.222
148 270 0.182
148 271 0.131
148 304 0.135
148 308 0.163
149 150 0.389
149 151 0.347
149 152 0.364
149 153 0.24
149 154 0.143
149 182 0.207
149 183 0.244
149 184 0.258
149 222 0.212
149 223 0.33
149 224 0.243
149 225 0.174
149 226 0.184
149 227 0.234
149 255 0.135
149 268 0.139
149 304 0.156
149 308 0.132
150 151 0.644
150 152 0.318
150 153 0.274
150 154 0.275
150 155 0.252
150 156 0.174
150 183 0.195
150 184 0.325
150 185 0.256
150 186 0.156
150 221 0.205
150 222 0.26
150 223 0.235
150 224 0.218
150 227 0.136
150 230 0.148
150 272 0.149
150 300 0.14
150 301 0.267
150 302 0.14
150 303 0.161
150 304 0.353
150 305 0.2
150 307 0.18
150 308 0.179
151 152 0.39
151 153 0.317
151 154 0.317
151 155 0.319
151 156 0.234
151 182 0.132
151 183 0.263
151 184 0.49
151 185 0.358
151 186 0.207
151 221 0.224
151 222 0.264
151 223 0.259
151 224 0.274
151 225 0.131
151 227 0.173
151 229 0.14
151 230 0.223
151 231 0.17
151 253 0.13
151 254 0.143
151 255 0.165
151 271 0.145
151 272 0.203
151 273 0.135
151 300 0.142
151 301 0.252
151 303 0.137
151 304 0.262
151 305 0.15
152 153 0.547
152 154 0.264
152 155 0.23
152 156 0.314
152 157 0.227
152 158 0.138
152 176 0.168
152 177 0.133
152 181 0.143
152 182 0.287
152 183 0.539
152 184 0.413
152 185 0.206
152 222 0.132
152 223 0.206
152 224 0.205
152 226 0.133
152 227 0.272
152 228 0.208
152 229 0.28
152 230 0.284
152 231 0.171
152 246 0.135
152 247 0.147
152 248 0.161
152 253 0.135
153 154 0.389
153 155 0.299
153 156 0.433
153 157 0.343
153 158 0.23
153 159 0.131
153 176 0.161
153 177 0.133
153 182 0.183
153 183 0.356
153 184 0.294
153 185 0.204
153 227 0.155
153 228 0.14
153 229 0.233
153 230 0.261
153 231 0.206
153 246 0.143
153 247 0.131
153 301 0.145
153 304 0.139
154 155 0.646
154 156 0.423
154 157 0.247
154 158 0.299
154 159 0.205
154 183 0.182
154 184 0.25
154 185 0.331
154 186 0.2
154 230 0.226
154 231 0.289
154 232 0.204
154 297 0.251
154 298 0.166
154 299 0.132
154 300 0.314
154 301 0.308
154 303 0.176
154 304 0.215
154 362 0.172
155 156 0.412
155 157 0.21
155 158 0.265
155 159 0.211
155 183 0.176
155 184 0.285
155 185 0.476
155 186 0.299
155 187 0.169
155 230 0.269
155 231 0.377
155 232 0.299
155 233 0.162
155 244 0.138
155 245 0.143
155 246 0.145
155 272 0.147
155 274 0.139
155 294 0.144
155 297 0.296
155 298 0.201
155 299 0.149
155 300 0.317
155 301 0.325
155 302 0.142
155 303 0.174
155 304 0.195
155 362 0.14
156 157 0.473
156 158 0.386
156 159 0.257
156 160 0.211
156 161 0.143
156 183 0.291
156 184 0.282
156 185 0.274
156 186 0.159
156 229 0.268
156 230 0.421
156 231 0.446
156 232 0.224
156 244 0.171
156 245 0.261
156 246 0.277
156 247 0.181
156 253 0.142
156 277 0.132
156 297 0.156
156 300 0.152
156 301 0.141
157 158 0.427
157 159 0.251
157 160 0.314
157 161 0.238
157 172 0.184
157 173 0.222
157 176 0.193
157 177 0.155
157 183 0.224
157 184 0.153
157 185 0.131
157 229 0.256
157 230 0.254
157 231 0.256
157 244 0.147
157 245 0.274
157 246 0.251
157 247 0.197
158 159 0.523
158 160 0.387
158 161 0.299
158 162 0.237
158 163 0.169
158 164 0.157
158 185 0.142
158 230 0.181
158 231 0.291
158 232 0.177
158 243 0.171
158 244 0.22
158 245 0.261
158 246 0.181
158 285 0.149
158 297 0.191
158 300 0.168
158 366 0.167
159 160 0.401
159 161 0.298
159 162 0.341
159 163 0.28
159 164 0.216
159 230 0.144
159 231 0.288
159 232 0.22
159 233 0.163
159 242 0.142
159 243 0.311
159 244 0.355
159 245 0.288
159 246 0.17
159 279 0.151
159 283 0.166
159 284 0.207
159 285 0.255
159 293 0.167
159 294 0.141
159 296 0.156
159 297 0.226
159 300 0.159
159 366 0.154
160 161 0.598
160 162 0.337
160 163 0.257
160 164 0.349
160 165 0.163
160 168 0.232
160 169 0.231
160 172 0.156
160 173 0.169
160 231 0.194
160 243 0.166
160 244 0.265
160 245 0.37
160 246 0.208
160 278 0.141
160 279 0.204
160 280 0.163
160 282 0.148
160 283 0.303
160 284 0.24
160 285 0.26
161 162 0.392
161 163 0.271
161 164 0.403
161 165 0.211
161 166 0.149
161 168 0.266
161 169 0.287
161 172 0.148
161 173 0.168
161 244 0.175
161 245 0.227
161 279 0.141
161 280 0.139
161 282 0.155
161 283 0.253
161 284 0.204
161 285 0.237
162 163 0.593
162 164 0.424
162 165 0.191
162 168 0.133
162 243 0.197
162 244 0.2
162 245 0.157
162 281 0.133
162 283 0.188
162 284 0.267
162 285 0.381
162 286 0.229
162 287 0.229
162 288 0.182
162 366 0.144
163 164 0.432
163 165 0.201
163 211 0.142
163 212 0.163
163 242 0.177
163 243 0.242
163 244 0.226
163 245 0.146
163 279 0.134
163 280 0.135
163 281 0.18
163 282 0.149
163 283 0.202
163 284 0.37
163 285 0.554
163 286 0.358
163 287 0.349
163 288 0.273
163 289 0.13
163 293 0.155
164 165 0.399
164 166 0.201
164 167 0.144
164 168 0.261
164 169 0.221
164 211 0.183
164 212 0.149
164 243 0.146
164 244 0.194
164 245 0.184
164 279 0.183
164 280 0.234
164 281 0.269
164 282 0.296
164 283 0.367
164 284 0.394
164 285 0.442
164 286 0.285
164 287 0.218
165 166 0.431
165 167 0.269
165 168 0.297
165 169 0.238
165 209 0.133
165 210 0.171
165 211 0.16
165 280 0.215
165 281 0.285
165 282 0.418
165 283 0.254
165 284 0.214
165 285 0.212
165 286 0.224
165 287 0.161
166 167 0.526
166 168 0.333
166 169 0.3
166 170 0.225
166 171 0.144
166 280 0.138
166 281 0.149
166 282 0.274
166 283 0.157
167 168 0.39
167 169 0.343
167 170 0.357
167 171 0.238
167 280 0.142
167 282 0.246
167 283 0.153
168 169 0.646
168 170 0.322
168 171 0.287
168 172 0.239
168 173 0.213
168 245 0.152
168 279 0.147
168 280 0.227
168 281 0.161
168 282 0.3
168 283 0.313
168 284 0.147
168 285 0.132
169 170 0.39
169 171 0.327
169 172 0.285
169 173 0.277
169 174 0.147
169 245 0.133
169 280 0.152
169 282 0.203
169 283 0.225
170 171 0.546
170 172 0.261
170 173 0.234
170 174 0.205
171 172 0.403
171 173 0.319
171 174 0.295
171 175 0.17
172 173 0.663
172 174 0.376
172 175 0.273
172 176 0.265
172 177 0.232
172 181 0.148
172 229 0.159
172 245 0.139
172 246 0.14
172 247 0.203
173 174 0.393
173 175 0.272
173 176 0.297
173 177 0.281
173 178 0.131
173 181 0.15
173 229 0.155
173 245 0.13
173 247 0.172
174 175 0.477
174 176 0.27
174 177 0.311
174 178 0.218
174 180 0.152
174 181 0.168
175 176 0.398
175 177 0.43
175 178 0.391
175 179 0.236
175 180 0.308
175 181 0.323
175 182 0.135
175 228 0.154
175 247 0.136
176 177 0.633
176 178 0.31
176 179 0.304
176 180 0.252
176 181 0.456
176 182 0.273
176 183 0.213
176 227 0.139
176 228 0.276
176 229 0.269
176 247 0.222
176 248 0.201
176 249 0.156
177 178 0.394
177 179 0.313
177 180 0.264
177 181 0.368
177 182 0.209
177 183 0.152
177 228 0.191
177 229 0.176
177 247 0.144
177 248 0.133
178 179 0.453
178 180 0.533
178 181 0.359
178 182 0.17
178 228 0.154
179 180 0.502
179 181 0.489
179 182 0.329
179 183 0.146
179 227 0.165
179 228 0.258
179 229 0.137
179 248 0.152
180 181 0.427
180 182 0.199
180 228 0.197
180 248 0.131
181 182 0.389
181 183 0.203
181 227 0.199
181 228 0.416
181 229 0.238
181 247 0.197
181 248 0.27
181 249 0.226
181 250 0.134
182 183 0.394
182 184 0.183
182 223 0.167
182 224 0.155
182 225 0.138
182 226 0.242
182 227 0.467
182 228 0.537
182 229 0.303
182 230 0.159
182 247 0.185
182 248 0.313
182 249 0.221
182 250 0.135
183 184 0.404
183 185 0.18
183 223 0.196
183 224 0.217
183 225 0.132
183 226 0.161
183 227 0.385
183 228 0.348
183 229 0.473
183 230 0.374
183 231 0.182
183 246 0.195
183 247 0.248
183 248 0.29
183 249 0.187
183 250 0.177
183 251 0.145
183 252 0.138
183 253 0.203
183 254 0.168
183 255 0.143
184 185 0.389
184 186 0.221
184 221 0.195
184 222 0.219
184 223 0.275
184 224 0.353
184 225 0.163
184 226 0.136
184 227 0.262
184 228 0.161
184 229 0.238
184 230 0.392
184 231 0.234
184 232 0.159
184 246 0.156
184 247 0.137
184 248 0.155
184 252 0.166
184 253 0.254
184 254 0.245
184 255 0.233
184 271 0.152
184 272 0.266
184 273 0.185
184 274 0.171
184 301 0.154
184 304 0.134
185 186 0.521
185 187 0.229
185 215 0.131
185 216 0.144
185 217 0.167
185 218 0.209
185 221 0.215
185 222 0.164
185 223 0.133
185 224 0.181
185 230 0.3
185 231 0.334
185 232 0.328
185 233 0.164
185 246 0.14
185 252 0.142
185 253 0.187
185 254 0.151
185 255 0.14
185 271 0.154
185 272 0.301
185 273 0.233
185 274 0.252
185 275 0.171
185 297 0.201
185 298 0.181
185 300 0.199
185 301 0.276
185 302 0.14
185 303 0.141
185 304 0.17
186 187 0.403
186 188 0.215
186 189 0.149
186 201 0.165
186 214 0.15
186 215 0.208
186 216 0.264
186 217 0.294
186 218 0.35
186 219 0.172
186 221 0.221
186 222 0.134
186 230 0.186
186 231 0.244
186 232 0.357
186 233 0.229
186 234 0.142
186 253 0.151
186 271 0.17
186 272 0.323
186 273 0.293
186 274 0.318
186 275 0.222
186 276 0.146
186 294 0.161
186 297 0.207
186 298 0.227
186 299 0.142
186 300 0.179
186 301 0.24
186 302 0.156
186 303 0.136
186 304 0.131
187 188 0.393
187 189 0.264
187 196 0.173
187 199 0.169
187 200 0.175
187 201 0.295
187 202 0.151
187 215 0.21
187 216 0.331
187 217 0.312
187 218 0.346
187 219 0.166
187 221 0.139
187 232 0.234
187 233 0.281
187 234 0.204
187 272 0.16
187 273 0.163
187 274 0.174
187 275 0.135
187 294 0.256
187 295 0.204
187 296 0.147
187 297 0.226
187 298 0.351
187 299 0.229
187 300 0.182
187 301 0.207
187 302 0.2
187 303 0.154
187 422 0.198
188 189 0.601
188 190 0.273
188 191 0.18
188 192 0.249
188 193 0.282
188 194 0.16
188 196 0.2
188 199 0.173
188 200 0.178
188 201 0.191
188 216 0.239
188 217 0.343
188 218 0.399
188 219 0.285
188 220 0.181
188 221 0.159
188 272 0.133
188 273 0.139
188 298 0.208
188 299 0.143
188 301 0.139
188 302 0.196
188 379 0.132
188 421 0.206
188 422 0.344
188 423 0.218
189 190 0.416
189 191 0.269
189 192 0.326
189 193 0.345
189 194 0.185
189 195 0.137
189 196 0.196
189 199 0.182
189 200 0.198
189 201 0.177
189 216 0.227
189 217 0.334
189 218 0.339
189 219 0.28
189 220 0.171
189 421 0.192
189 422 0.259
189 423 0.206
190 191 0.386
190 192 0.3
190 193 0.366
190 194 0.191
190 217 0.178
190 218 0.181
190 219 0.238
190 220 0.171
190 420 0.167
190 421 0.219
190 422 0.187
190 423 0.196
190 424 0.163
191 192 0.521
191 193 0.442
191 194 0.342
191 195 0.237
191 196 0.174
191 198 0.134
191 199 0.152
191 200 0.151
191 423 0.202
191 424 0.178
191 427 0.154
192 193 0.552
192 194 0.46
192 195 0.371
192 196 0.32
192 197 0.153
192 198 0.207
192 199 0.254
192 200 0.231
192 376 0.135
192 422 0.171
192 423 0.264
192 424 0.172
192 427 0.173
192 428 0.161
193 194 0.475
193 195 0.26
193 196 0.225
193 199 0.161
193 200 0.145
193 219 0.134
193 376 0.164
193 379 0.158
193 380 0.162
193 420 0.166
193 421 0.213
193 422 0.255
193 423 0.4
193 424 0.269
193 425 0.163
193 427 0.193
193 428 0.19
194 195 0.432
194 196 0.252
194 197 0.135
194 198 0.173
194 199 0.163
194 200 0.131
194 376 0.21
194 377 0.179
194 379 0.136
194 380 0.17
194 422 0.165
194 423 0.349
194 424 0.264
194 425 0.184
194 426 0.179
194 427 0.338
194 428 0.315
194 429 0.173
194 430 0.143
194 431 0.168
195 196 0.392
195 197 0.289
195 198 0.381
195 199 0.271
195 200 0.2
195 373 0.149
195 376 0.168
195 423 0.187
195 427 0.231
195 428 0.219
195 429 0.131
195 430 0.15
195 431 0.217
195 432 0.144
196 197 0.39
196 198 0.373
196 199 0.534
196 200 0.372
196 201 0.208
196 291 0.166
196 294 0.139
196 295 0.201
196 298 0.137
196 299 0.131
196 372 0.163
196 373 0.148
196 375 0.134
196 376 0.16
196 423 0.166
197 198 0.551
197 199 0.384
197 200 0.266
197 201 0.138
197 235 0.153
197 291 0.228
197 295 0.159
197 372 0.15
197 373 0.142
198 199 0.401
198 200 0.298
198 291 0.135
198 431 0.131
199 200 0.643
199 201 0.306
199 202 0.19
199 216 0.162
199 234 0.16
199 235 0.18
199 291 0.178
199 294 0.137
199 295 0.172
200 201 0.386
200 202 0.225
200 215 0.144
200 216 0.214
200 217 0.138
200 233 0.13
200 234 0.173
200 235 0.181
200 291 0.141
200 295 0.135
201 202 0.418
201 203 0.185
201 214 0.188
201 215 0.352
201 216 0.418
201 217 0.21
201 218 0.168
201 232 0.164
201 233 0.3
201 234 0.37
201 235 0.247
201 241 0.162
201 274 0.138
201 275 0.133
201 276 0.132
201 291 0.147
201 294 0.207
201 295 0.169
201 298 0.137
202 203 0.394
202 204 0.234
202 213 0.162
202 214 0.252
202 215 0.306
202 216 0.213
202 232 0.147
202 233 0.309
202 234 0.532
202 235 0.47
202 236 0.263
202 237 0.148
202 240 0.148
202 241 0.299
202 242 0.227
202 243 0.171
202 276 0.144
202 290 0.169
202 291 0.187
202 292 0.14
202 293 0.166
202 294 0.196
202 295 0.148
203 204 0.492
203 205 0.22
203 212 0.243
203 213 0.338
203 214 0.353
203 215 0.231
203 232 0.161
203 233 0.277
203 234 0.404
203 235 0.322
203 236 0.337
203 237 0.171
203 240 0.154
203 241 0.283
203 242 0.396
203 243 0.301
203 244 0.199
203 276 0.176
203 284 0.133
203 288 0.147
203 289 0.173
203 290 0.162
203 291 0.131
203 293 0.196
203 294 0.158
204 205 0.394
204 206 0.215
204 212 0.278
204 213 0.282
204 214 0.206
204 233 0.141
204 234 0.211
204 235 0.236
204 236 0.387
204 237 0.241
204 238 0.134
204 240 0.173
204 241 0.226
204 242 0.317
204 243 0.196
204 244 0.138
204 284 0.133
204 288 0.158
204 289 0.188
204 290 0.146
204 293 0.133
205 206 0.483
205 207 0.236
205 208 0.146
205 210 0.148
205 211 0.221
205 212 0.337
205 213 0.206
205 236 0.21
205 237 0.162
205 242 0.209
205 243 0.141
205 281 0.159
205 284 0.184
205 285 0.162
205 286 0.19
205 287 0.157
205 288 0.179
205 289 0.164
206 207 0.388
206 208 0.284
206 209 0.223
206 210 0.275
206 211 0.355
206 212 0.338
206 213 0.177
206 280 0.154
206 281 0.243
206 284 0.194
206 285 0.152
206 286 0.186
206 287 0.133
207 208 0.49
207 209 0.25
207 210 0.335
207 211 0.217
207 212 0.143
207 281 0.198
207 286 0.159
208 209 0.426
208 210 0.452
208 211 0.235
208 281 0.216
208 282 0.135
209 210 0.6
209 211 0.35
209 212 0.146
209 280 0.261
209 281 0.341
209 282 0.26
209 283 0.15
209 284 0.14
210 211 0.392
210 212 0.169
210 280 0.253
210 281 0.441
210 282 0.288
210 283 0.161
210 284 0.179
210 285 0.136
210 286 0.185
211 212 0.395
211 213 0.198
211 244 0.16
211 278 0.213
211 279 0.284
211 280 0.424
211 281 0.53
211 282 0.296
211 283 0.288
211 284 0.35
211 285 0.24
211 286 0.213
211 287 0.133
212 213 0.452
212 214 0.216
212 242 0.202
212 243 0.237
212 244 0.279
212 245 0.153
212 276 0.14
212 277 0.153
212 278 0.265
212 279 0.298
212 280 0.231
212 281 0.252
212 282 0.142
212 283 0.209
212 284 0.368
212 285 0.277
212 286 0.19
212 287 0.136
212 288 0.14
213 214 0.444
213 215 0.197
213 231 0.134
213 232 0.175
213 233 0.172
213 234 0.183
213 242 0.196
213 243 0.261
213 244 0.313
213 245 0.168
213 276 0.298
213 277 0.273
213 278 0.318
213 279 0.271
213 280 0.142
213 283 0.141
213 284 0.213
213 285 0.17
214 215 0.418
214 216 0.19
214 231 0.198
214 232 0.324
214 233 0.314
214 234 0.303
214 235 0.147
214 242 0.191
214 243 0.282
214 244 0.291
214 245 0.157
214 246 0.136
214 274 0.218
214 275 0.229
214 276 0.46
214 277 0.319
214 278 0.215
214 279 0.17
214 294 0.138
215 216 0.434
215 217 0.21
215 218 0.161
215 231 0.139
215 232 0.271
215 233 0.302
215 234 0.307
215 235 0.151
215 243 0.152
215 244 0.136
215 273 0.157
215 274 0.301
215 275 0.321
215 276 0.365
215 277 0.195
215 294 0.141
216 217 0.439
216 218 0.322
216 219 0.142
216 232 0.196
216 233 0.224
216 234 0.211
216 272 0.168
216 273 0.219
216 274 0.276
216 275 0.263
216 276 0.185
216 294 0.133
217 218 0.647
217 219 0.315
217 220 0.177
217 221 0.201
217 232 0.14
217 271 0.212
217 272 0.272
217 273 0.34
217 274 0.253
217 275 0.217
217 422 0.137
218 219 0.413
218 220 0.241
218 221 0.286
218 222 0.141
218 232 0.142
218 271 0.268
218 272 0.317
218 273 0.342
218 274 0.225
218 275 0.177
218 298 0.148
218 301 0.138
218 302 0.136
218 421 0.137
218 422 0.186
219 220 0.545
219 221 0.369
219 222 0.19
219 269 0.148
219 270 0.212
219 271 0.374
219 272 0.235
219 273 0.229
219 418 0.14
219 421 0.231
219 422 0.204
220 221 0.395
220 222 0.248
220 256 0.148
220 257 0.137
220 258 0.192
220 269 0.226
220 270 0.289
220 271 0.369
220 272 0.182
220 273 0.159
220 305 0.164
220 417 0.177
220 418 0.222
220 420 0.138
220 421 0.264
220 422 0.182
221 222 0.481
221 223 0.216
221 224 0.263
221 225 0.145
221 254 0.168
221 255 0.243
221 256 0.203
221 257 0.153
221 258 0.138
221 269 0.269
221 270 0.361
221 271 0.541
221 272 0.374
221 273 0.275
221 274 0.135
221 301 0.155
221 304 0.151
221 305 0.179
221 308 0.132
221 421 0.14
221 422 0.14
222 223 0.398
222 224 0.387
222 225 0.248
222 226 0.133
222 254 0.179
222 255 0.296
222 256 0.266
222 257 0.223
222 258 0.161
222 267 0.2
222 268 0.245
222 269 0.418
222 270 0.437
222 271 0.366
222 272 0.253
222 273 0.173
222 304 0.15
222 305 0.164
222 308 0.175
223 224 0.601
223 225 0.478
223 226 0.322
223 227 0.301
223 254 0.241
223 255 0.366
223 256 0.256
223 257 0.197
223 267 0.205
223 268 0.292
223 269 0.273
223 270 0.259
223 271 0.195
223 272 0.184
224 225 0.428
224 226 0.261
224 227 0.303
224 228 0.131
224 230 0.165
224 253 0.203
224 254 0.378
224 255 0.535
224 256 0.279
224 257 0.179
224 267 0.141
224 268 0.208
224 269 0.239
224 270 0.273
224 271 0.256
224 272 0.286
224 273 0.198
225 226 0.435
225 227 0.274
225 254 0.265
225 255 0.404
225 256 0.357
225 257 0.265
225 267 0.21
225 268 0.335
225 269 0.255
225 270 0.247
225 271 0.164
225 272 0.143
226 227 0.399
226 228 0.193
226 248 0.145
226 254 0.176
226 255 0.214
226 256 0.162
226 267 0.139
226 268 0.207
227 228 0.402
227 229 0.26
227 230 0.186
227 247 0.158
227 248 0.304
227 249 0.219
227 250 0.138
227 253 0.184
227 254 0.23
227 255 0.218
228 229 0.397
228 230 0.181
228 246 0.138
228 247 0.292
228 248 0.548
228 249 0.398
228 250 0.23
228 251 0.171
228 253 0.151
229 230 0.393
229 231 0.193
229 245 0.191
229 246 0.326
229 247 0.511
229 248 0.428
229 249 0.29
229 250 0.332
229 251 0.241
229 252 0.171
229 253 0.219
229 254 0.134
230 231 0.43
230 232 0.236
230 244 0.152
230 245 0.25
230 246 0.393
230 247 0.277
230 248 0.214
230 249 0.15
230 250 0.229
230 251 0.217
230 252 0.255
230 253 0.328
230 254 0.181
230 272 0.171
230 273 0.14
230 274 0.201
230 275 0.155
230 276 0.138
230 277 0.221
231 232 0.465
231 233 0.198
231 243 0.205
231 244 0.3
231 245 0.335
231 246 0.336
231 247 0.157
231 252 0.169
231 253 0.186
231 272 0.135
231 274 0.207
231 275 0.159
231 276 0.18
231 277 0.252
231 278 0.161
231 279 0.154
231 297 0.199
231 300 0.151
231 301 0.132
232 233 0.395
232 234 0.236
232 242 0.136
232 243 0.273
232 244 0.288
232 245 0.201
232 246 0.188
232 252 0.146
232 253 0.148
232 272 0.153
232 273 0.151
232 274 0.279
232 275 0.219
232 276 0.25
232 277 0.245
232 278 0.138
232 293 0.142
232 294 0.214
232 296 0.144
232 297 0.262
232 298 0.165
232 300 0.169
232 301 0.143
233 234 0.55
233 235 0.231
233 236 0.141
233 241 0.209
233 242 0.253
233 243 0.337
233 244 0.215
233 274 0.157
233 275 0.135
233 276 0.174
233 277 0.131
233 291 0.162
233 292 0.15
233 293 0.277
233 294 0.423
233 295 0.236
233 296 0.253
233 297 0.298
233 298 0.207
233 299 0.168
233 300 0.161
234 235 0.401
234 236 0.232
234 240 0.136
234 241 0.322
234 242 0.312
234 243 0.282
234 244 0.163
234 276 0.157
234 289 0.141
234 290 0.183
234 291 0.214
234 292 0.182
234 293 0.269
234 294 0.332
234 295 0.217
234 296 0.203
234 297 0.181
234 298 0.139
235 236 0.428
235 237 0.249
235 238 0.144
235 239 0.242
235 240 0.3
235 241 0.575
235 242 0.29
235 243 0.159
235 289 0.205
235 290 0.345
235 291 0.333
235 292 0.254
235 293 0.226
235 294 0.206
235 295 0.182
235 296 0.148
236 237 0.471
236 238 0.266
236 239 0.292
236 240 0.429
236 241 0.469
236 242 0.35
236 243 0.155
236 288 0.184
236 289 0.32
236 290 0.342
236 291 0.202
236 292 0.206
236 293 0.188
237 238 0.496
237 239 0.424
237 240 0.456
237 241 0.265
237 242 0.174
237 289 0.228
237 290 0.255
237 291 0.138
237 292 0.136
238 239 0.407
238 240 0.407
238 241 0.175
238 289 0.207
238 290 0.215
239 240 0.517
239 241 0.262
239 289 0.183
239 290 0.318
239 291 0.202
239 292 0.173
240 241 0.402
240 242 0.214
240 288 0.161
240 289 0.347
240 290 0.504
240 291 0.255
240 292 0.269
240 293 0.161
241 242 0.385
241 243 0.184
241 288 0.186
241 289 0.334
241 290 0.531
241 291 0.403
241 292 0.389
241 293 0.321
241 294 0.221
241 295 0.2
241 296 0.19
242 243 0.409
242 244 0.205
242 284 0.17
242 285 0.198
242 286 0.147
242 287 0.159
242 288 0.336
242 289 0.364
242 290 0.265
242 291 0.189
242 292 0.244
242 293 0.394
242 294 0.211
242 295 0.142
242 296 0.198
242 297 0.133
243 244 0.46
243 245 0.189
243 276 0.144
243 277 0.146
243 278 0.147
243 279 0.165
243 283 0.132
243 284 0.251
243 285 0.285
243 286 0.141
243 287 0.135
243 288 0.214
243 289 0.166
243 292 0.137
243 293 0.314
243 294 0.229
243 296 0.205
243 297 0.209
244 245 0.394
244 246 0.235
244 276 0.189
244 277 0.25
244 278 0.284
244 279 0.326
244 280 0.166
244 281 0.136
244 283 0.239
244 284 0.329
244 285 0.313
244 293 0.151
244 297 0.145
245 246 0.502
245 247 0.224
245 250 0.178
245 251 0.151
245 276 0.143
245 277 0.262
245 278 0.314
245 279 0.372
245 280 0.19
245 283 0.301
245 284 0.219
245 285 0.193
246 247 0.391
246 248 0.192
246 249 0.155
246 250 0.331
246 251 0.283
246 252 0.222
246 253 0.218
246 274 0.138
246 276 0.161
246 277 0.321
246 278 0.279
246 279 0.263
246 283 0.177
247 248 0.411
247 249 0.343
247 250 0.532
247 251 0.337
247 252 0.177
247 253 0.192
247 277 0.154
247 278 0.141
247 279 0.133
248 249 0.63
248 250 0.39
248 251 0.297
248 252 0.175
248 253 0.217
248 254 0.155
249 250 0.401
249 251 0.315
249 252 0.16
249 253 0.182
250 251 0.595
250 252 0.258
250 253 0.247
250 277 0.192
250 278 0.161
250 279 0.133
251 252 0.387
251 253 0.328
251 254 0.155
251 274 0.131
251 275 0.133
251 276 0.135
251 277 0.241
251 278 0.17
252 253 0.612
252 254 0.272
252 255 0.153
252 272 0.187
252 273 0.202
252 274 0.314
252 275 0.32
252 276 0.237
252 277 0.314
252 278 0.144
253 254 0.395
253 255 0.226
253 272 0.247
253 273 0.238
253 274 0.302
253 275 0.268
253 276 0.173
253 277 0.233
254 255 0.525
254 256 0.23
254 270 0.174
254 271 0.211
254 272 0.317
254 273 0.276
254 274 0.198
254 275 0.169
255 256 0.395
255 257 0.216
255 268 0.186
255 269 0.234
255 270 0.307
255 271 0.307
255 272 0.322
255 273 0.252
255 274 0.141
256 257 0.51
256 258 0.253
256 267 0.2
256 268 0.295
256 269 0.389
256 270 0.473
256 271 0.294
256 272 0.177
256 273 0.148
257 258 0.401
257 259 0.218
257 264 0.192
257 265 0.178
257 266 0.181
257 267 0.314
257 268 0.406
257 269 0.472
257 270 0.414
257 271 0.202
258 259 0.39
258 260 0.191
258 261 0.257
258 262 0.131
258 263 0.207
258 264 0.29
258 265 0.222
258 266 0.145
258 267 0.21
258 268 0.21
258 269 0.349
258 270 0.319
258 271 0.177
258 414 0.16
258 417 0.131
259 260 0.422
259 261 0.445
259 262 0.245
259 263 0.28
259 264 0.286
259 265 0.335
259 266 0.17
259 267 0.156
259 268 0.135
259 269 0.161
259 270 0.131
259 410 0.139
259 411 0.135
259 413 0.135
259 414 0.185
260 261 0.565
260 262 0.474
260 263 0.333
260 264 0.198
260 265 0.228
260 409 0.139
260 410 0.198
260 411 0.173
260 412 0.158
260 413 0.231
260 414 0.206
261 262 0.505
261 263 0.555
261 264 0.32
261 265 0.289
261 409 0.134
261 410 0.217
261 411 0.239
261 412 0.201
261 413 0.293
261 414 0.341
261 415 0.194
261 416 0.156
261 417 0.167
262 263 0.46
262 264 0.204
262 265 0.2
262 316 0.151
262 390 0.186
262 408 0.185
262 409 0.237
262 410 0.297
262 411 0.29
262 412 0.319
262 413 0.464
262 414 0.313
262 415 0.19
262 416 0.171
262 417 0.138
263 264 0.394
263 265 0.275
263 309 0.135
263 312 0.211
263 313 0.196
263 314 0.142
263 315 0.14
263 316 0.161
263 386 0.145
263 387 0.153
263 390 0.179
263 408 0.143
263 409 0.153
263 410 0.254
263 411 0.36
263 412 0.294
263 413 0.404
263 414 0.595
263 415 0.323
263 416 0.226
263 417 0.239
263 418 0.156
264 265 0.444
264 266 0.252
264 267 0.279
264 268 0.194
264 269 0.235
264 270 0.158
264 308 0.133
264 309 0.174
264 310 0.142
264 311 0.194
264 312 0.275
264 313 0.17
264 314 0.157
264 315 0.161
264 410 0.184
264 411 0.263
264 412 0.14
264 413 0.177
264 414 0.39
264 415 0.209
264 417 0.17
264 418 0.15
265 266 0.412
265 267 0.272
265 268 0.188
265 269 0.16
265 312 0.177
265 315 0.158
265 407 0.137
265 410 0.237
265 411 0.233
265 413 0.142
265 414 0.232
266 267 0.405
266 268 0.281
266 269 0.16
267 268 0.605
267 269 0.353
267 270 0.219
267 311 0.141
268 269 0.412
268 270 0.278
268 271 0.135
269 270 0.599
269 271 0.287
269 272 0.144
269 308 0.135
270 271 0.457
270 272 0.217
270 273 0.17
271 272 0.408
271 273 0.341
271 274 0.146
272 273 0.641
272 274 0.334
272 275 0.247
273 274 0.414
273 275 0.331
273 276 0.139
274 275 0.664
274 276 0.326
274 277 0.258
275 276 0.393
275 277 0.274
276 277 0.472
276 278 0.233
276 279 0.157
277 278 0.394
277 279 0.265
278 279 0.6
278 280 0.26
278 281 0.147
278 283 0.256
278 284 0.206
278 285 0.148
279 280 0.393
279 281 0.222
279 282 0.196
279 283 0.418
279 284 0.308
279 285 0.219
280 281 0.439
280 282 0.453
280 283 0.522
280 284 0.312
280 285 0.216
280 286 0.148
281 282 0.481
281 283 0.333
281 284 0.37
281 285 0.277
281 286 0.284
281 287 0.174
282 283 0.391
282 284 0.26
282 285 0.205
282 286 0.185
283 284 0.394
283 285 0.3
283 286 0.164
284 285 0.65
284 286 0.336
284 287 0.233
284 288 0.179
285 286 0.391
285 287 0.304
285 288 0.24
285 293 0.136
286 287 0.599
286 288 0.286
286 289 0.14
287 288 0.389
287 289 0.186
288 289 0.445
288 290 0.189
288 292 0.187
288 293 0.257
288 296 0.134
289 290 0.391
289 291 0.199
289 292 0.31
289 293 0.278
289 296 0.142
290 291 0.451
290 292 0.512
290 293 0.274
290 294 0.166
290 295 0.179
290 296 0.171
291 292 0.522
291 293 0.277
291 294 0.257
291 295 0.342
291 296 0.24
291 299 0.133
291 370 0.136
291 371 0.186
291 372 0.192
292 293 0.396
292 294 0.247
292 295 0.287
292 296 0.297
292 368 0.138
292 369 0.166
292 370 0.167
292 371 0.192
292 372 0.161
293 294 0.393
293 295 0.291
293 296 0.468
293 297 0.252
293 298 0.141
293 299 0.16
293 300 0.139
293 365 0.145
293 368 0.164
293 369 0.139
293 370 0.149
294 295 0.511
294 296 0.52
294 297 0.424
294 298 0.329
294 299 0.328
294 300 0.242
294 301 0.141
294 365 0.151
294 370 0.159
294 371 0.14
294 372 0.162
295 296 0.449
295 297 0.275
295 298 0.314
295 299 0.381
295 300 0.192
295 361 0.136
295 364 0.141
295 365 0.15
295 369 0.136
295 370 0.23
295 371 0.245
295 372 0.302
295 373 0.144
295 374 0.157
295 375 0.191
296 297 0.406
296 298 0.26
296 299 0.323
296 300 0.256
296 361 0.135
296 363 0.133
296 364 0.2
296 365 0.253
296 366 0.145
296 367 0.145
296 368 0.188
296 369 0.187
296 370 0.258
296 371 0.195
296 372 0.186
297 298 0.393
297 299 0.365
297 300 0.503
297 301 0.259
297 302 0.166
297 303 0.201
297 361 0.147
297 362 0.185
297 363 0.153
297 364 0.154
297 365 0.229
297 366 0.153
297 370 0.15
298 299 0.604
298 300 0.41
298 301 0.352
298 302 0.359
298 303 0.343
298 304 0.17
298 358 0.141
298 360 0.145
298 361 0.21
298 362 0.183
298 364 0.131
298 365 0.156
298 370 0.147
298 372 0.167
298 374 0.134
298 375 0.245
298 376 0.132
298 422 0.205
299 300 0.396
299 301 0.265
299 302 0.297
299 303 0.319
299 304 0.138
299 358 0.149
299 359 0.137
299 360 0.196
299 361 0.294
299 362 0.22
299 363 0.166
299 364 0.201
299 365 0.22
299 370 0.236
299 371 0.188
299 372 0.246
299 374 0.19
299 375 0.318
299 376 0.155
299 422 0.16
300 301 0.42
300 302 0.254
300 303 0.355
300 304 0.218
300 358 0.142
300 359 0.17
300 360 0.174
300 361 0.233
300 362 0.335
300 363 0.236
300 364 0.188
300 365 0.269
300 366 0.174
300 370 0.151
300 375 0.15
301 302 0.415
301 303 0.498
301 304 0.444
301 305 0.253
301 306 0.201
301 307 0.183
301 358 0.199
301 359 0.202
301 360 0.147
301 361 0.18
301 362 0.24
301 363 0.135
301 375 0.138
301 422 0.175
302 303 0.579
302 304 0.316
302 305 0.329
302 306 0.358
302 307 0.215
302 355 0.148
302 356 0.169
302 357 0.207
302 358 0.316
302 359 0.223
302 360 0.192
302 361 0.235
302 362 0.19
302 375 0.267
302 376 0.161
302 378 0.212
302 379 0.259
302 421 0.177
302 422 0.357
302 423 0.169
303 304 0.392
303 305 0.28
303 306 0.294
303 307 0.218
303 355 0.148
303 356 0.183
303 357 0.205
303 358 0.367
303 359 0.333
303 360 0.272
303 361 0.323
303 362 0.322
303 363 0.177
303 364 0.132
303 365 0.147
303 375 0.238
303 378 0.159
303 379 0.176
303 422 0.208
304 305 0.404
304 306 0.284
304 307 0.367
304 308 0.238
304 355 0.174
304 356 0.155
304 358 0.261
304 359 0.278
304 360 0.142
304 361 0.146
304 362 0.211
304 422 0.14
305 306 0.541
305 307 0.544
305 308 0.365
305 309 0.254
305 310 0.207
305 311 0.131
305 354 0.187
305 355 0.28
305 356 0.203
305 357 0.163
305 358 0.28
305 359 0.198
305 378 0.145
305 379 0.202
305 382 0.164
305 383 0.146
305 418 0.204
305 421 0.203
305 422 0.228
306 307 0.435
306 308 0.245
306 309 0.224
306 310 0.196
306 351 0.131
306 352 0.158
306 353 0.18
306 354 0.305
306 355 0.375
306 356 0.323
306 357 0.287
306 358 0.414
306 359 0.236
306 360 0.151
306 361 0.147
306 375 0.154
306 378 0.254
306 379 0.332
306 380 0.143
306 381 0.134
306 382 0.247
306 383 0.193
306 418 0.197
306 419 0.14
306 421 0.221
306 422 0.263
306 423 0.143
307 308 0.482
307 309 0.285
307 310 0.268
307 311 0.183
307 352 0.154
307 354 0.203
307 355 0.4
307 356 0.257
307 357 0.163
307 358 0.293
307 359 0.237
307 379 0.147
307 382 0.147
307 418 0.159
307 422 0.132
308 309 0.391
308 310 0.351
308 311 0.334
308 312 0.187
308 351 0.132
308 352 0.134
308 354 0.137
308 355 0.25
308 356 0.136
308 358 0.143
308 418 0.182
309 310 0.666
309 311 0.342
309 312 0.293
309 313 0.273
309 314 0.21
309 351 0.283
309 352 0.235
309 353 0.141
309 354 0.209
309 355 0.253
309 382 0.215
309 383 0.236
309 386 0.239
309 387 0.135
309 414 0.205
309 415 0.265
309 416 0.143
309 417 0.229
309 418 0.352
309 419 0.173
309 421 0.153
310 311 0.39
310 312 0.317
310 313 0.314
310 314 0.261
310 348 0.154
310 350 0.146
310 351 0.351
310 352 0.304
310 353 0.158
310 354 0.221
310 355 0.285
310 356 0.14
310 382 0.2
310 383 0.205
310 386 0.24
310 414 0.177
310 415 0.226
310 417 0.172
310 418 0.253
310 419 0.139
311 312 0.462
311 313 0.263
311 314 0.344
311 315 0.224
311 351 0.16
311 352 0.138
311 355 0.146
311 411 0.157
311 414 0.174
311 415 0.147
311 418 0.132
312 313 0.457
312 314 0.539
312 315 0.369
312 316 0.242
312 317 0.2
312 318 0.17
312 348 0.141
312 351 0.174
312 386 0.176
312 390 0.147
312 410 0.176
312 411 0.331
312 412 0.172
312 413 0.165
312 414 0.324
312 415 0.239
312 417 0.139
312 418 0.146
313 314 0.502
313 315 0.268
313 316 0.294
313 317 0.288
313 318 0.167
313 347 0.221
313 348 0.291
313 349 0.154
313 350 0.151
313 351 0.292
313 352 0.186
313 383 0.139
313 385 0.138
313 386 0.329
313 387 0.229
313 389 0.229
313 390 0.262
313 408 0.134
313 410 0.156
313 411 0.317
313 412 0.255
313 413 0.214
313 414 0.316
313 415 0.336
313 416 0.184
313 417 0.172
313 418 0.165
314 315 0.448
314 316 0.32
314 317 0.303
314 318 0.251
314 347 0.139
314 348 0.205
314 351 0.194
314 352 0.141
314 386 0.171
314 389 0.133
314 390 0.17
314 408 0.142
314 410 0.162
314 411 0.29
314 412 0.169
314 413 0.144
314 414 0.221
314 415 0.183
315 316 0.394
315 317 0.307
315 318 0.418
315 319 0.237
315 320 0.135
315 321 0.136
315 390 0.141
315 407 0.212
315 408 0.227
315 409 0.147
315 410 0.261
315 411 0.342
315 412 0.158
315 413 0.141
315 414 0.188
316 317 0.635
316 318 0.431
316 319 0.307
316 320 0.273
316 321 0.247
316 322 0.142
316 344 0.169
316 347 0.16
316 348 0.169
316 389 0.183
316 390 0.312
316 391 0.145
316 393 0.242
316 394 0.168
316 407 0.224
316 408 0.407
316 409 0.289
316 410 0.334
316 411 0.424
316 412 0.312
316 413 0.245
316 414 0.208
316 415 0.148
317 318 0.401
317 319 0.268
317 320 0.287
317 321 0.28
317 322 0.14
317 344 0.237
317 345 0.151
317 347 0.212
317 348 0.23
317 386 0.134
317 389 0.216
317 390 0.323
317 391 0.159
317 392 0.141
317 393 0.269
317 394 0.17
317 407 0.159
317 408 0.301
317 409 0.222
317 410 0.219
317 411 0.291
317 412 0.266
317 413 0.193
317 414 0.158
317 415 0.132
318 319 0.477
318 320 0.27
318 321 0.301
318 322 0.238
318 390 0.142
318 393 0.147
318 404 0.134
318 406 0.156
318 407 0.262
318 408 0.302
318 409 0.183
318 410 0.223
318 411 0.225
318 412 0.138
319 320 0.393
319 321 0.402
319 322 0.419
319 323 0.248
319 324 0.159
319 325 0.155
319 393 0.166
319 394 0.144
319 397 0.133
319 401 0.159
319 403 0.162
319 404 0.242
319 405 0.172
319 406 0.308
319 407 0.393
319 408 0.394
319 409 0.247
319 410 0.237
319 411 0.174
320 321 0.649
320 322 0.322
320 323 0.288
320 324 0.286
320 325 0.205
320 335 0.19
320 341 0.137
320 344 0.196
320 390 0.171
320 391 0.135
320 392 0.144
320 393 0.354
320 394 0.312
320 395 0.159
320 396 0.232
320 397 0.265
320 400 0.14
320 401 0.274
320 402 0.205
320 403 0.168
320 404 0.163
320 406 0.201
320 407 0.203
320 408 0.358
320 409 0.296
320 410 0.175
320 411 0.14
320 412 0.15
321 322 0.389
321 323 0.296
321 324 0.286
321 325 0.234
321 335 0.194
321 341 0.131
321 344 0.185
321 390 0.137
321 393 0.265
321 394 0.218
321 396 0.184
321 397 0.209
321 401 0.2
321 402 0.145
321 403 0.13
321 404 0.133
321 406 0.178
321 407 0.177
321 408 0.273
321 409 0.206
321 410 0.137
322 323 0.468
322 324 0.264
322 325 0.329
322 326 0.219
322 335 0.133
322 397 0.164
322 400 0.139
322 401 0.166
322 403 0.17
322 404 0.184
322 405 0.177
322 406 0.298
322 407 0.216
322 408 0.197
322 409 0.14
323 324 0.448
323 325 0.515
323 326 0.353
323 327 0.255
323 333 0.172
323 334 0.16
323 335 0.199
323 394 0.135
323 396 0.152
323 397 0.288
323 398 0.139
323 399 0.136
323 400 0.276
323 401 0.267
323 402 0.196
323 403 0.251
323 404 0.181
323 405 0.174
323 406 0.29
323 407 0.157
323 408 0.159
323 409 0.134
324 325 0.499
324 326 0.252
324 327 0.271
324 328 0.145
324 333 0.275
324 334 0.323
324 335 0.426
324 336 0.228
324 340 0.151
324 393 0.154
324 394 0.179
324 395 0.153
324 396 0.273
324 397 0.422
324 398 0.231
324 399 0.185
324 400 0.26
324 401 0.29
324 402 0.199
324 403 0.167
324 406 0.147
325 326 0.425
325 327 0.325
325 328 0.159
325 333 0.271
325 334 0.22
325 335 0.266
325 336 0.158
325 396 0.14
325 397 0.235
325 398 0.132
325 400 0.206
325 401 0.179
325 403 0.142
325 406 0.156
326 327 0.435
326 328 0.204
326 333 0.233
326 334 0.142
326 335 0.132
326 397 0.146
326 400 0.204
326 403 0.139
326 406 0.148
327 328 0.421
327 329 0.187
327 332 0.226
327 333 0.418
327 334 0.249
327 335 0.171
327 336 0.138
327 397 0.192
327 398 0.161
327 399 0.197
327 400 0.276
327 401 0.144
327 403 0.131
328 329 0.387
328 330 0.175
328 331 0.269
328 332 0.444
328 333 0.422
328 334 0.229
328 336 0.135
328 399 0.162
328 400 0.154
329 330 0.414
329 331 0.409
329 332 0.493
329 333 0.269
329 334 0.214
329 336 0.142
329 398 0.132
329 399 0.152
330 331 0.428
330 332 0.277
331 332 0.368
331 333 0.161
332 333 0.404
332 334 0.26
332 335 0.134
332 336 0.193
333 334 0.453
333 335 0.274
333 336 0.288
333 337 0.143
333 397 0.182
333 398 0.182
333 399 0.176
333 400 0.171
334 335 0.453
334 336 0.483
334 337 0.277
334 340 0.189
334 395 0.153
334 396 0.245
334 397 0.273
334 398 0.311
334 399 0.231
334 400 0.178
334 401 0.162
335 336 0.468
335 337 0.258
335 338 0.148
335 340 0.279
335 341 0.223
335 393 0.147
335 394 0.161
335 395 0.191
335 396 0.324
335 397 0.295
335 398 0.229
335 399 0.149
335 400 0.144
335 401 0.18
336 337 0.431
336 338 0.2
336 339 0.15
336 340 0.251
336 341 0.181
336 395 0.141
336 396 0.212
336 397 0.174
336 398 0.191
337 338 0.396
337 339 0.301
337 340 0.333
337 341 0.21
337 395 0.17
337 396 0.2
337 398 0.172
338 339 0.617
338 340 0.375
338 341 0.293
338 342 0.245
338 343 0.176
338 395 0.162
338 396 0.154
339 340 0.383
339 341 0.286
339 342 0.289
339 343 0.213
339 392 0.147
339 395 0.199
339 396 0.164
340 341 0.532
340 342 0.284
340 343 0.287
340 344 0.212
340 345 0.131
340 391 0.142
340 392 0.229
340 393 0.196
340 394 0.202
340 395 0.352
340 396 0.368
340 397 0.173
340 398 0.176
341 342 0.402
341 343 0.409
341 344 0.337
341 345 0.225
341 346 0.139
341 391 0.163
341 392 0.261
341 393 0.217
341 394 0.181
341 395 0.244
341 396 0.258
342 343 0.564
342 344 0.272
342 345 0.292
342 346 0.241
342 347 0.148
342 388 0.135
342 389 0.135
342 391 0.177
342 392 0.274
342 393 0.144
342 395 0.164
342 396 0.134
343 344 0.423
343 345 0.38
343 346 0.296
343 347 0.222
343 388 0.198
343 389 0.221
343 390 0.174
343 391 0.299
343 392 0.458
343 393 0.241
343 394 0.183
343 395 0.217
343 396 0.175
344 345 0.457
344 346 0.259
344 347 0.322
344 348 0.225
344 387 0.13
344 388 0.175
344 389 0.286
344 390 0.265
344 391 0.28
344 392 0.356
344 393 0.352
344 394 0.218
344 395 0.172
344 396 0.175
344 412 0.159
345 346 0.5
345 347 0.441
345 348 0.298
345 349 0.227
345 350 0.152
345 386 0.132
345 387 0.157
345 388 0.233
345 389 0.305
345 390 0.198
345 391 0.211
345 392 0.252
345 393 0.178
346 347 0.421
346 348 0.258
346 349 0.295
346 350 0.219
346 384 0.136
346 385 0.208
346 386 0.164
346 387 0.209
346 388 0.353
346 389 0.319
346 390 0.172
346 391 0.202
346 392 0.216
347 348 0.527
347 349 0.348
347 350 0.262
347 351 0.218
347 352 0.142
347 384 0.141
347 385 0.232
347 386 0.29
347 387 0.315
347 388 0.34
347 389 0.541
347 390 0.322
347 391 0.24
347 392 0.218
347 393 0.178
347 412 0.197
347 413 0.139
347 415 0.164
347 416 0.161
348 349 0.396
348 350 0.288
348 351 0.331
348 352 0.228
348 385 0.202
348 386 0.297
348 387 0.235
348 388 0.198
348 389 0.33
348 390 0.234
348 391 0.138
348 412 0.155
348 415 0.161
349 350 0.597
349 351 0.34
349 352 0.277
349 353 0.224
349 354 0.163
349 382 0.177
349 383 0.172
349 384 0.211
349 385 0.338
349 386 0.28
349 387 0.22
349 388 0.21
349 389 0.226
350 351 0.386
350 352 0.313
350 353 0.308
350 354 0.233
350 381 0.204
350 382 0.282
350 383 0.274
350 384 0.321
350 385 0.483
350 386 0.342
350 387 0.252
350 388 0.209
350 389 0.199
350 415 0.151
350 416 0.151
350 418 0.13
350 419 0.189
351 352 0.575
351 353 0.291
351 354 0.296
351 355 0.225
351 356 0.133
351 381 0.131
351 382 0.279
351 383 0.269
351 384 0.179
351 385 0.257
351 386 0.389
351 387 0.212
351 389 0.171
351 415 0.209
351 416 0.146
351 417 0.147
351 418 0.185
351 419 0.167
352 353 0.398
352 354 0.391
352 355 0.319
352 356 0.206
352 357 0.132
352 381 0.136
352 382 0.274
352 383 0.22
352 384 0.137
352 385 0.186
352 386 0.235
352 418 0.141
353 354 0.571
353 355 0.269
353 356 0.26
353 357 0.232
353 358 0.153
353 378 0.214
353 379 0.205
353 380 0.193
353 381 0.279
353 382 0.389
353 383 0.256
353 384 0.181
353 385 0.202
353 386 0.163
353 419 0.155
354 355 0.409
354 356 0.349
354 357 0.291
354 358 0.23
354 378 0.261
354 379 0.28
354 380 0.202
354 381 0.257
354 382 0.473
354 383 0.307
354 384 0.164
354 385 0.173
354 386 0.17
354 418 0.177
354 419 0.184
354 420 0.136
354 421 0.146
355 356 0.479
355 357 0.261
355 358 0.328
355 359 0.225
355 378 0.161
355 379 0.178
355 382 0.229
355 383 0.166
355 418 0.141
356 357 0.476
356 358 0.488
356 359 0.325
356 360 0.226
356 361 0.175
356 375 0.132
356 378 0.222
356 379 0.204
356 382 0.182
357 358 0.458
357 359 0.262
357 360 0.29
357 361 0.249
357 362 0.134
357 374 0.17
357 375 0.248
357 376 0.192
357 377 0.197
357 378 0.394
357 379 0.304
357 380 0.163
357 381 0.157
357 382 0.181
357 422 0.142
358 359 0.493
358 360 0.341
358 361 0.297
358 362 0.227
358 363 0.132
358 375 0.209
358 378 0.242
358 379 0.236
358 382 0.143
358 422 0.157
359 360 0.397
359 361 0.315
359 362 0.366
359 363 0.219
359 375 0.143
360 361 0.644
360 362 0.371
360 363 0.292
360 364 0.251
360 365 0.198
360 370 0.178
360 374 0.175
360 375 0.246
360 378 0.15
361 362 0.387
361 363 0.302
361 364 0.304
361 365 0.248
361 370 0.242
361 371 0.162
361 372 0.179
361 374 0.22
361 375 0.326
361 376 0.148
361 378 0.156
362 363 0.517
362 364 0.278
362 365 0.323
362 366 0.218
362 370 0.158
362 375 0.144
363 364 0.418
363 365 0.47
363 366 0.348
363 367 0.219
363 368 0.158
363 369 0.145
363 370 0.198
364 365 0.56
364 366 0.27
364 367 0.291
364 368 0.267
364 369 0.327
364 370 0.44
364 371 0.214
364 372 0.159
364 375 0.141
365 366 0.419
365 367 0.34
365 368 0.293
365 369 0.252
365 370 0.317
365 371 0.154
366 367 0.408
366 368 0.266
366 369 0.15
366 370 0.144
367 368 0.561
367 369 0.283
367 370 0.191
368 369 0.401
368 370 0.236
368 371 0.136
369 370 0.438
369 371 0.295
369 372 0.167
370 371 0.466
370 372 0.316
370 373 0.154
370 374 0.203
370 375 0.187
371 372 0.527
371 373 0.278
371 374 0.282
371 375 0.2
371 376 0.131
372 373 0.421
372 374 0.42
372 375 0.316
372 376 0.229
372 377 0.141
373 374 0.503
373 375 0.267
373 376 0.324
373 377 0.24
373 378 0.131
373 428 0.184
373 431 0.262
373 432 0.215
373 435 0.158
374 375 0.471
374 376 0.41
374 377 0.291
374 378 0.209
374 379 0.148
374 423 0.137
374 428 0.164
374 431 0.157
374 432 0.136
375 376 0.427
375 377 0.267
375 378 0.298
375 379 0.243
375 380 0.133
375 422 0.201
375 423 0.194
375 428 0.144
376 377 0.544
376 378 0.364
376 379 0.285
376 380 0.236
376 381 0.154
376 422 0.2
376 423 0.315
376 424 0.172
376 425 0.139
376 427 0.204
376 428 0.332
376 429 0.146
376 431 0.19
376 432 0.161
377 378 0.4
377 379 0.283
377 380 0.325
377 381 0.23
377 422 0.148
377 423 0.269
377 424 0.203
377 425 0.194
377 426 0.155
377 427 0.245
377 428 0.406
377 429 0.209
377 430 0.136
377 431 0.193
377 432 0.188
378 379 0.606
378 380 0.373
378 381 0.298
378 382 0.252
378 383 0.173
378 419 0.137
378 420 0.138
378 421 0.176
378 422 0.243
378 423 0.285
378 424 0.197
378 425 0.17
378 428 0.201
379 380 0.391
379 381 0.303
379 382 0.319
379 383 0.239
379 384 0.131
379 418 0.163
379 419 0.199
379 420 0.204
379 421 0.286
379 422 0.361
379 423 0.355
379 424 0.239
379 425 0.186
379 428 0.174
380 381 0.586
380 382 0.304
380 383 0.252
380 384 0.222
380 385 0.152
380 419 0.242
380 420 0.263
380 421 0.212
380 422 0.191
380 423 0.336
380 424 0.442
380 425 0.439
380 426 0.215
380 427 0.217
380 428 0.28
380 429 0.169
381 382 0.393
381 383 0.314
381 384 0.316
381 385 0.233
381 418 0.135
381 419 0.267
381 420 0.246
381 421 0.171
381 422 0.133
381 423 0.206
381 424 0.309
381 425 0.368
381 426 0.176
381 427 0.146
381 428 0.182
382 383 0.607
382 384 0.31
382 385 0.287
382 386 0.249
382 387 0.157
382 415 0.158
382 416 0.145
382 417 0.186
382 418 0.279
382 419 0.373
382 420 0.273
382 421 0.237
382 422 0.159
382 423 0.155
382 424 0.185
382 425 0.179
383 384 0.391
383 385 0.351
383 386 0.333
383 387 0.227
383 415 0.237
383 416 0.231
383 417 0.293
383 418 0.39
383 419 0.566
383 420 0.376
383 421 0.276
383 422 0.148
383 423 0.143
383 424 0.192
383 425 0.18
384 385 0.586
384 386 0.284
384 387 0.283
384 388 0.227
384 389 0.151
384 415 0.169
384 416 0.24
384 417 0.193
384 418 0.182
384 419 0.399
384 420 0.302
384 421 0.143
384 424 0.194
384 425 0.236
385 386 0.402
385 387 0.382
385 388 0.307
385 389 0.23
385 390 0.132
385 415 0.201
385 416 0.255
385 417 0.183
385 418 0.171
385 419 0.301
385 420 0.204
385 425 0.146
386 387 0.513
386 388 0.261
386 389 0.316
386 390 0.231
386 391 0.132
386 411 0.147
386 412 0.202
386 413 0.174
386 414 0.215
386 415 0.425
386 416 0.357
386 417 0.283
386 418 0.259
386 419 0.267
386 420 0.167
387 388 0.449
387 389 0.447
387 390 0.309
387 391 0.224
387 392 0.153
387 411 0.143
387 412 0.265
387 413 0.228
387 414 0.199
387 415 0.374
387 416 0.484
387 417 0.258
387 418 0.182
387 419 0.226
387 420 0.152
388 389 0.461
388 390 0.261
388 391 0.31
388 392 0.242
388 393 0.135
388 412 0.188
388 413 0.15
388 415 0.173
388 416 0.26
388 419 0.131
389 390 0.498
389 391 0.378
389 392 0.29
389 393 0.23
389 394 0.147
389 411 0.156
389 412 0.315
389 413 0.227
389 414 0.154
389 415 0.224
389 416 0.244
390 391 0.404
390 392 0.286
390 393 0.344
390 394 0.229
390 408 0.217
390 409 0.236
390 410 0.189
390 411 0.274
390 412 0.562
390 413 0.384
390 414 0.221
390 415 0.236
390 416 0.22
391 392 0.597
391 393 0.37
391 394 0.299
391 395 0.226
391 396 0.164
391 408 0.133
391 409 0.174
391 412 0.295
391 413 0.226
391 416 0.157
392 393 0.391
392 394 0.319
392 395 0.306
392 396 0.223
392 409 0.141
392 412 0.194
392 413 0.144
393 394 0.567
393 395 0.292
393 396 0.301
393 397 0.207
393 401 0.217
393 402 0.183
393 408 0.263
393 409 0.302
393 410 0.154
393 411 0.152
393 412 0.262
393 413 0.191
394 395 0.408
394 396 0.407
394 397 0.303
394 398 0.193
394 400 0.135
394 401 0.334
394 402 0.296
394 403 0.142
394 408 0.243
394 409 0.325
394 410 0.141
394 412 0.202
394 413 0.162
395 396 0.549
395 397 0.271
395 398 0.28
395 399 0.156
395 401 0.229
395 402 0.206
395 409 0.137
396 397 0.434
396 398 0.359
396 399 0.201
396 400 0.167
396 401 0.314
396 402 0.248
396 409 0.149
397 398 0.427
397 399 0.322
397 400 0.371
397 401 0.567
397 402 0.409
397 403 0.237
397 406 0.148
397 408 0.149
397 409 0.172
398 399 0.512
398 400 0.282
398 401 0.308
398 402 0.275
398 403 0.139
399 400 0.391
399 401 0.273
399 402 0.269
399 403 0.171
400 401 0.388
400 402 0.356
400 403 0.371
400 404 0.154
400 405 0.135
400 406 0.187
401 402 0.66
401 403 0.358
401 404 0.19
401 406 0.204
401 407 0.139
401 408 0.208
401 409 0.257
402 403 0.386
402 404 0.198
402 406 0.188
402 407 0.133
402 408 0.192
402 409 0.26
403 404 0.391
403 405 0.286
403 406 0.386
403 407 0.208
403 408 0.186
403 409 0.204
404 405 0.441
404 406 0.559
404 407 0.459
404 408 0.271
404 409 0.243
404 410 0.232
405 406 0.5
405 407 0.278
405 408 0.136
406 407 0.406
406 408 0.246
406 409 0.199
406 410 0.172
407 408 0.401
407 409 0.28
407 410 0.369
407 411 0.203
408 409 0.588
408 410 0.476
408 411 0.316
408 412 0.259
408 413 0.231
408 414 0.147
409 410 0.411
409 411 0.269
409 412 0.297
409 413 0.279
409 414 0.144
410 411 0.476
410 412 0.278
410 413 0.298
410 414 0.242
411 412 0.391
411 413 0.395
411 414 0.437
411 415 0.242
411 416 0.147
412 413 0.661
412 414 0.33
412 415 0.284
412 416 0.248
412 417 0.153
413 414 0.393
413 415 0.295
413 416 0.262
413 417 0.175
414 415 0.454
414 416 0.26
414 417 0.279
414 418 0.202
415 416 0.478
415 417 0.475
415 418 0.339
415 419 0.238
415 420 0.164
416 417 0.445
416 418 0.256
416 419 0.286
416 420 0.213
417 418 0.512
417 419 0.369
417 420 0.293
417 421 0.234
418 419 0.398
418 420 0.309
418 421 0.348
418 422 0.164
419 420 0.611
419 421 0.334
419 422 0.154
419 423 0.162
419 424 0.247
419 425 0.218
420 421 0.402
420 422 0.187
420 423 0.22
420 424 0.343
420 425 0.268
421 422 0.406
421 423 0.288
421 424 0.241
421 425 0.156
422 423 0.389
422 424 0.189
423 424 0.396
423 425 0.248
423 426 0.151
423 427 0.235
423 428 0.292
423 429 0.131
424 425 0.569
424 426 0.291
424 427 0.284
424 428 0.281
424 429 0.179
425 426 0.4
425 427 0.281
425 428 0.269
425 429 0.224
426 427 0.41
426 428 0.299
426 429 0.422
426 430 0.219
426 432 0.136
427 428 0.582
427 429 0.477
427 430 0.326
427 431 0.267
427 432 0.239
427 433 0.149
427 442 0.159
428 429 0.408
428 430 0.268
428 431 0.297
428 432 0.27
428 433 0.136
429 430 0.45
429 431 0.267
429 432 0.309
429 433 0.234
429 442 0.178
430 431 0.395
430 432 0.436
430 433 0.437
430 434 0.242
430 435 0.173
430 436 0.182
430 440 0.16
430 441 0.242
430 442 0.355
430 443 0.18
431 432 0.604
431 433 0.292
431 434 0.274
431 435 0.281
431 436 0.196
431 440 0.149
431 441 0.146
431 442 0.23
432 433 0.392
432 434 0.298
432 435 0.297
432 436 0.255
432 440 0.15
432 441 0.157
432 442 0.212
433 434 0.412
433 435 0.263
433 436 0.372
433 437 0.233
433 438 0.138
433 439 0.171
433 440 0.257
433 441 0.329
433 442 0.307
433 443 0.191
434 435 0.497
434 436 0.51
434 437 0.338
434 438 0.287
434 439 0.294
434 440 0.439
434 441 0.282
434 442 0.261
434 443 0.19
435 436 0.443
435 437 0.233
435 438 0.254
435 439 0.191
435 440 0.25
435 441 0.146
435 442 0.152
436 437 0.419
436 438 0.287
436 439 0.26
436 440 0.284
436 441 0.201
436 442 0.158
437 438 0.421
437 439 0.486
437 440 0.347
437 441 0.221
437 442 0.132
437 443 0.131
438 439 0.484
438 440 0.326
438 441 0.142
439 440 0.482
439 441 0.24
439 442 0.144
439 443 0.168
439 444 0.148
440 441 0.38
440 442 0.282
440 443 0.294
440 444 0.183
441 442 0.451
441 443 0.456
441 444 0.282
442 443 0.468
442 444 0.183
443 444 0.331
443 445 0.138
444 445 0.264
445 446 0.234
