# Profiles of type EC N=394
### res AA binding	proximity	coord=exp(-sigma^2(d_ij)/D)	dir=<dri*drj/|dri||drj|>/	deformation=dri/dfj
### 0 0 0 1 1 1 1
1	M	0	0.000479	0.000171	-0.0675	38.6
2	T	0	0.000828	0.000332	-0.0528	37.7
3	T	0	0.000969	0.000374	-0.0503	35.8
4	T	0	0.00112	0.000397	-0.0374	35.1
5	P	0	0.00121	0.000436	-0.0119	34.2
6	T	0	0.0014	0.000591	-0.0126	32.8
7	T	0	0.00151	0.000599	-0.0272	31.4
8	T	0	0.00162	0.000631	-0.00193	31.1
9	T	0	0.00175	0.000665	0.0291	31.1
10	H	0	0.00188	0.000748	0.0149	29.8
11	M	0	0.00192	0.000748	0.00652	28.6
12	V	0	0.00193	0.000718	0.0497	28.7
13	L	0	0.00197	0.000768	0.0748	28.5
14	I	0	0.00197	0.00074	0.0555	26.9
15	T	0	0.002	0.000783	0.0678	26.2
16	T	0	0.00199	0.000718	0.125	26.5
17	I	0	0.00198	0.00079	0.154	25.8
18	H	0	0.00203	0.000764	0.145	24.3
19	M	0	0.00198	0.000765	0.176	24.1
20	V	0	0.00196	0.000723	0.225	24.4
21	L	0	0.002	0.0008	0.254	23.3
22	T	0	0.002	0.000773	0.261	22
23	T	0	0.00202	0.000775	0.276	22.2
24	M	0	0.002	0.000777	0.296	22.3
25	I	0	0.00203	0.000797	0.303	21
26	H	0	0.00206	0.00083	0.306	20.1
27	M	0	0.00202	0.000755	0.319	20.6
28	A	0	0.00201	0.000816	0.324	20.4
29	L	0	0.00204	0.000791	0.317	19
30	T	0	0.00205	0.000835	0.327	18.5
31	T	0	0.00207	0.000776	0.339	19.1
32	M	0	0.00199	0.000812	0.336	18.5
33	I	0	0.00184	0.00072	0.328	17.2
34	H	0	0.00189	0.000756	0.344	17.2
35	M	0	0.00199	0.000748	0.355	18
36	A	0	0.00191	0.000781	0.352	17.6
37	P	0	0.00189	0.00073	0.351	16.3
38	T	0	0.00201	0.000804	0.365	16.5
39	T	0	0.00204	0.000782	0.373	17.5
40	M	0	0.00204	0.000845	0.371	16.8
41	I	0	0.00207	0.000834	0.374	15.9
42	H	0	0.00208	0.00083	0.388	16.6
43	M	0	0.00206	0.000831	0.393	17.4
44	A	0	0.00201	0.000815	0.392	16.6
45	L	0	0.00193	0.000817	0.404	16.1
46	T	0	0.00176	0.000693	0.414	17.3
47	T	0	0.00171	0.000713	0.417	17.9
48	M	0	0.00166	0.000723	0.424	17.2
49	I	0	0.00165	0.000744	0.435	17.2
50	P	0	0.00141	0.000597	0.443	18.8
51	T	0	0.00128	0.000608	0.445	19.6
52	V	0	0.0012	0.000627	0.451	19.3
53	L	0	0.00139	0.000775	0.453	19.4
54	P	0	0.00118	0.000617	0.453	20.9
55	T	0	0.00111	0.000576	0.455	20.5
56	R	0	0.00117	0.000576	0.452	20.3
57	R	0	0.00153	0.000698	0.451	19.2
58	R	0	0.00154	0.000774	0.454	17.5
59	A	0	0.00149	0.000702	0.455	17.2
60	L	0	0.00167	0.000774	0.447	17.9
61	M	0	0.00164	0.000788	0.449	17.2
62	V	0	0.00149	0.000719	0.451	15.7
63	L	0	0.00162	0.000804	0.447	16.2
64	T	0	0.00153	0.000715	0.436	17.1
65	M	0	0.0013	0.000697	0.44	16.2
66	T	0	0.00122	0.000687	0.44	15.3
67	I	0	0.00125	0.000745	0.421	16.4
68	R	0	0.00109	0.000638	0.402	17.3
69	T	0	0.000954	0.000717	0.375	17.3
70	A	0	0.000975	0.000882	0.353	17.3
71	P	0	0.000906	0.000871	0.311	18.6
72	A	0	0.000897	0.000931	0.307	18.8
73	T	0	0.000909	0.000961	0.289	18.1
74	T	0	0.000925	0.000923	0.313	16.9
75	M	0	0.00105	0.00107	0.353	15.6
76	T	0	0.00107	0.00102	0.369	14.4
77	L	0	0.00117	0.00116	0.407	13.7
78	T	0	0.00113	0.00114	0.419	12.4
79	V	0	0.00125	0.00148	0.443	12
80	P	0	0.00117	0.00147	0.449	11
81	T	0	0.00131	0.00179	0.46	10.5
82	T	0	0.00116	0.00154	0.468	10.7
83	M	0	0.00127	0.00172	0.47	11.6
84	T	0	0.00129	0.00161	0.475	12.3
85	L	0	0.00141	0.00178	0.466	13.2
86	T	0	0.00134	0.00144	0.464	14.4
87	V	0	0.00137	0.00156	0.45	15.1
88	P	0	0.00125	0.00131	0.44	16.6
89	T	0	0.00128	0.00113	0.428	17.5
90	T	0	0.00115	0.00111	0.408	17.6
91	M	0	0.00127	0.00152	0.406	16.4
92	T	0	0.00131	0.00151	0.401	15.5
93	L	0	0.00149	0.00182	0.424	14.2
94	T	0	0.0014	0.00173	0.42	13.1
95	V	0	0.00159	0.00227	0.445	12.1
96	P	0	0.00138	0.00204	0.447	11
97	T	0	0.00152	0.00247	0.466	10.3
98	M	0	0.00173	0.00274	0.475	10.7
99	T	0	0.00143	0.00205	0.485	10.4
100	T	0	0.00147	0.00208	0.486	11.5
101	L	0	0.00151	0.00215	0.479	12.5
102	T	0	0.00128	0.00152	0.48	13.7
103	V	0	0.00132	0.0015	0.47	14.7
104	R	0	0.00111	0.00111	0.468	16.1
105	Q	0	0.00122	0.00127	0.457	17
106	T	0	0.00113	0.0011	0.444	18
107	R	0	0.00118	0.00108	0.428	18
108	I	0	0.0014	0.00145	0.429	16.6
109	R	0	0.0011	0.00125	0.409	17
110	A	0	0.00122	0.00157	0.413	15.6
111	L	0	0.00135	0.00204	0.434	14.3
112	T	0	0.00131	0.00216	0.43	13.1
113	V	0	0.00156	0.00305	0.454	12.1
114	P	0	0.00154	0.00319	0.455	10.9
115	T	0	0.0016	0.00378	0.471	10.3
116	M	0	0.00163	0.00343	0.489	9.6
117	T	0	0.0021	0.00428	0.49	10.4
118	I	0	0.00221	0.00497	0.489	11.1
119	L	0	0.00215	0.00553	0.503	10.4
120	M	0	0.00201	0.00419	0.507	10.6
121	A	0	0.00223	0.0047	0.499	11.8
122	L	0	0.00223	0.00462	0.499	12.2
123	T	0	0.00193	0.00414	0.506	12.1
124	M	0	0.00189	0.00358	0.504	12.8
125	M	0	0.00198	0.00343	0.496	13.8
126	I	0	0.00163	0.00304	0.498	14.1
127	H	0	0.0014	0.00226	0.5	14.7
128	M	0	0.00143	0.00228	0.494	15.4
129	V	0	0.00118	0.0015	0.488	16.6
130	L	0	0.0011	0.00137	0.48	16.9
131	P	0	0.000962	0.00111	0.473	18.4
132	T	0	0.000927	0.00108	0.461	19.2
133	R	0	0.000907	0.00108	0.45	19.4
134	R	0	0.000899	0.00107	0.44	19
135	R	0	0.000949	0.00134	0.44	17.8
136	V	0	0.000995	0.00144	0.438	16.9
137	L	0	0.0011	0.00175	0.449	15.5
138	M	0	0.00112	0.00195	0.437	14.9
139	V	0	0.00139	0.00298	0.453	13.5
140	P	0	0.00148	0.00329	0.443	12.7
141	A	0	0.00153	0.00333	0.451	12.3
142	T	0	0.00171	0.00361	0.458	11
143	T	0	0.00213	0.00503	0.474	11.1
144	I	0	0.00207	0.00455	0.48	11.8
145	R	0	0.00208	0.00491	0.483	10.7
146	M	0	0.00221	0.00517	0.493	9.73
147	V	0	0.00233	0.00625	0.501	10.5
148	L	0	0.00216	0.00504	0.501	10.9
149	T	0	0.00219	0.00548	0.507	9.63
150	T	0	0.00224	0.00552	0.513	9.43
151	M	0	0.00218	0.00551	0.51	10.7
152	I	0	0.00217	0.00514	0.509	10.6
153	H	0	0.0023	0.00528	0.514	9.57
154	M	0	0.00214	0.00515	0.511	10.2
155	V	0	0.00209	0.0046	0.504	11.3
156	L	0	0.00225	0.00513	0.502	10.7
157	T	0	0.00223	0.00468	0.499	10.2
158	T	0	0.00214	0.00486	0.489	11.3
159	M	0	0.00215	0.00436	0.483	11.9
160	I	0	0.00224	0.00479	0.475	11.1
161	H	0	0.00219	0.00432	0.462	11.4
162	M	0	0.00207	0.00427	0.456	12.7
163	A	0	0.00204	0.0042	0.45	12.7
164	L	0	0.00205	0.00392	0.43	12.1
165	T	0	0.00182	0.00354	0.418	13
166	T	0	0.00164	0.00312	0.419	14
167	M	0	0.00161	0.00328	0.406	13.7
168	I	0	0.00154	0.00268	0.379	13.5
169	P	0	0.00121	0.00225	0.364	14.8
170	T	0	0.00109	0.00197	0.358	15.5
171	V	0	0.00109	0.00175	0.339	14.8
172	L	0	0.00105	0.00117	0.306	14.8
173	P	0	0.00091	0.000878	0.275	15.5
174	T	0	0.000933	0.000931	0.243	15
175	R	0	0.00106	0.00113	0.227	13.8
176	R	0	0.00117	0.00116	0.232	13.4
177	R	0	0.00125	0.00107	0.205	12.5
178	A	0	0.00137	0.00126	0.234	11.4
179	L	0	0.00161	0.00147	0.282	11.4
180	M	0	0.00164	0.00151	0.259	11.2
181	V	0	0.00161	0.0014	0.249	10.2
182	L	0	0.00169	0.00155	0.32	9.87
183	T	0	0.00169	0.00156	0.348	10.3
184	M	0	0.0016	0.00149	0.317	9.83
185	T	0	0.00144	0.00126	0.364	8.99
186	I	0	0.00137	0.00123	0.442	9.17
187	R	0	0.00127	0.00131	0.442	9.5
188	T	0	0.00106	0.00105	0.489	9.18
189	A	0	0.00102	0.000883	0.492	8.71
190	P	0	0.000976	0.000798	0.502	8.81
191	A	0	0.000995	0.000799	0.487	8.55
192	T	0	0.000972	0.000813	0.458	8.71
193	T	0	0.00094	0.000747	0.421	8.67
194	M	0	0.000967	0.000873	0.382	8.63
195	T	0	0.000927	0.000916	0.347	8.55
196	L	0	0.000994	0.00105	0.33	8.44
197	T	0	0.000922	0.00101	0.283	8.41
198	V	0	0.000954	0.00124	0.27	8.4
199	P	0	0.000962	0.00136	0.238	8.34
200	T	0	0.001	0.00134	0.252	8.05
201	M	0	0.00113	0.00143	0.235	8.11
202	T	0	0.00119	0.00163	0.24	8.42
203	T	0	0.0013	0.00178	0.231	8.56
204	L	0	0.00135	0.00191	0.272	8.89
205	T	0	0.0013	0.00182	0.257	9.49
206	V	0	0.00136	0.0019	0.304	9.86
207	R	0	0.00123	0.00166	0.294	10.8
208	Q	0	0.00128	0.00181	0.33	11
209	T	0	0.00114	0.00167	0.341	11.9
210	R	0	0.00156	0.00244	0.372	11.2
211	I	0	0.00165	0.00288	0.405	10.6
212	R	0	0.00167	0.0027	0.424	11
213	A	0	0.00192	0.00317	0.418	10.5
214	L	0	0.00212	0.00364	0.433	9.47
215	T	0	0.00214	0.00379	0.466	9.54
216	V	0	0.00216	0.00387	0.47	9.76
217	L	0	0.00219	0.00379	0.473	8.99
218	L	0	0.00229	0.0042	0.502	8.38
219	A	0	0.00221	0.00406	0.507	8.78
220	T	0	0.00217	0.00424	0.511	8.62
221	M	0	0.00215	0.00386	0.522	7.91
222	I	0	0.00194	0.00371	0.523	7.8
223	L	0	0.00175	0.00352	0.52	8.13
224	T	0	0.00163	0.00319	0.52	7.79
225	D	0	0.00132	0.00221	0.505	7.4
226	L	0	0.00134	0.00209	0.493	7.42
227	P	0	0.0011	0.00176	0.454	7.28
228	I	0	0.00128	0.00217	0.429	7.37
229	T	0	0.00126	0.00204	0.382	7.31
230	T	0	0.00151	0.00252	0.382	7.5
231	T	0	0.00148	0.0024	0.327	7.56
232	L	0	0.00152	0.00239	0.358	7.85
233	T	0	0.00143	0.00223	0.287	8.25
234	V	0	0.00138	0.00207	0.326	8.67
235	L	0	0.00123	0.00186	0.281	9.38
236	P	0	0.00119	0.00167	0.312	9.79
237	T	0	0.00105	0.0014	0.291	11
238	R	0	0.000948	0.00121	0.305	11.5
239	R	0	0.000952	0.00105	0.339	11.7
240	R	0	0.00094	0.00118	0.375	11.5
241	V	0	0.00103	0.00156	0.411	10.8
242	L	0	0.00114	0.00178	0.431	10
243	M	0	0.00115	0.00176	0.455	10.2
244	V	0	0.00139	0.00228	0.479	9.23
245	P	0	0.00142	0.00217	0.488	9.53
246	T	0	0.0016	0.00236	0.5	9.01
247	M	0	0.00156	0.00248	0.508	8.61
248	T	0	0.00191	0.00291	0.514	8.08
249	I	0	0.00202	0.003	0.52	7.67
250	L	0	0.00186	0.0025	0.518	7.36
251	M	0	0.00187	0.00295	0.518	7.17
252	A	0	0.002	0.00286	0.519	7.13
253	L	0	0.00183	0.00266	0.509	6.92
254	T	0	0.00156	0.00211	0.486	6.86
255	M	0	0.00161	0.0024	0.471	6.88
256	M	0	0.00162	0.00247	0.444	6.92
257	I	0	0.00119	0.00166	0.394	6.97
258	H	0	0.0012	0.0018	0.338	7.16
259	M	0	0.00128	0.00216	0.365	7.22
260	V	0	0.0011	0.00178	0.282	7.52
261	L	0	0.0011	0.0019	0.305	7.72
262	P	0	0.000972	0.00158	0.249	8.19
263	T	0	0.000949	0.00136	0.262	8.33
264	R	0	0.000941	0.0011	0.297	8.82
265	R	0	0.000939	0.00109	0.358	8.96
266	R	0	0.00102	0.00123	0.402	9.05
267	V	0	0.00108	0.00136	0.447	8.99
268	L	0	0.00116	0.00159	0.478	8.61
269	M	0	0.00118	0.00157	0.479	9.28
270	V	0	0.00138	0.00189	0.498	8.78
271	P	0	0.00144	0.00175	0.483	9.61
272	A	0	0.00148	0.00174	0.458	9.75
273	T	0	0.00142	0.00179	0.464	9.83
274	T	0	0.00178	0.00212	0.491	8.55
275	I	0	0.00176	0.00207	0.467	8.28
276	R	0	0.00155	0.00169	0.434	9
277	M	0	0.00154	0.00189	0.464	8.34
278	V	0	0.00171	0.00189	0.482	7.4
279	L	0	0.00151	0.00175	0.411	7.87
280	T	0	0.00128	0.00142	0.388	8.58
281	T	0	0.00122	0.00147	0.415	7.95
282	M	0	0.00126	0.00155	0.42	7.46
283	I	0	0.00105	0.00128	0.384	7.83
284	P	0	0.00109	0.00138	0.4	7.41
285	T	0	0.000979	0.00114	0.364	7.65
286	V	0	0.00101	0.00118	0.363	7.71
287	L	0	0.000975	0.000925	0.356	7.77
288	L	0	0.000968	0.000886	0.366	8.06
289	T	0	0.000953	0.000718	0.383	8.47
290	K	0	0.000909	0.000684	0.436	8.92
291	R	0	0.000919	0.00074	0.461	9.5
292	R	0	0.00102	0.000761	0.453	9.39
293	V	0	0.000999	0.000721	0.43	9.99
294	L	0	0.00109	0.000725	0.435	9.6
295	M	0	0.00107	0.000609	0.414	10.9
296	V	0	0.00115	0.000591	0.41	10.5
297	P	0	0.00109	0.00045	0.391	12
298	T	0	0.00102	0.000442	0.379	12.8
299	T	0	0.00101	0.000442	0.371	12.9
300	M	0	0.0011	0.00029	0.372	11.6
301	I	0	0.001	0.000277	0.361	12.4
302	H	0	0.00096	0.000269	0.341	12.7
303	T	0	0.000947	0.000256	0.327	12.5
304	A	0	0.000974	0.000239	0.333	11.7
305	P	0	0.000938	0.00022	0.31	13.1
306	A	0	0.000933	0.000246	0.321	14.7
307	T	0	0.000935	0.000264	0.331	14.6
308	T	0	0.000911	0.00023	0.352	15.3
309	M	0	0.000927	0.000179	0.366	14
310	T	0	0.000905	0.000156	0.377	14.6
311	L	0	0.000916	0.000157	0.383	13.2
312	T	0	0.000905	0.000158	0.388	14.5
313	V	0	0.000917	0.000165	0.39	14.3
314	P	0	0.000883	0.000149	0.392	16
315	T	0	0.000937	0.000134	0.384	17.3
316	M	0	0.000892	0.000122	0.382	19.1
317	T	0	0.000976	0.000121	0.37	21
318	T	0	0.000965	0.000121	0.355	22.4
319	L	0	0.000841	7.91e-05	0.333	24.1
320	T	0	0.00086	7.45e-05	0.313	26.1
321	V	0	0.000815	7.66e-05	0.283	28.1
322	P	0	0.000848	8.93e-05	0.264	29.7
323	L	0	0.000854	9.41e-05	0.229	30.2
324	I	0	0.000849	9.27e-05	0.197	32.8
325	E	0	0.000871	0.000109	0.168	32.8
326	T	0	0.000838	0.000107	0.132	34.7
327	R	0	0.000846	9.95e-05	0.101	34.8
328	T	0	0.000946	0.000107	0.0595	33.9
329	P	0	0.000937	8.06e-05	0.0218	33.2
330	M	0	0.000934	5.02e-05	-0.0279	31.2
331	G	0	0.000959	4.59e-05	-0.0564	29.2
332	L	0	0.000883	3.05e-05	-0.105	26.4
333	P	0	0.00094	3.15e-05	-0.105	24.3
334	T	0	0.000949	4.12e-05	-0.166	20.8
335	T	0	0.00112	4.33e-05	-0.287	23.4
336	V	0	0.00114	5.07e-05	-0.466	22.8
337	H	0	0.00134	5.7e-05	-0.467	27.1
338	P	0	0.00139	4.03e-05	-0.495	29.3
339	T	0	0.00158	4.87e-05	-0.496	31.9
340	M	0	0.00172	4.56e-05	-0.499	29.1
341	M	0	0.0018	5.62e-05	-0.51	29.1
342	T	0	0.00194	5.93e-05	-0.511	33.6
343	L	0	0.002	4.87e-05	-0.507	34.2
344	M	0	0.00198	5.1e-05	-0.507	32.5
345	V	0	0.00202	5.5e-05	-0.51	35.1
346	H	0	0.00208	5.88e-05	-0.51	38.8
347	L	0	0.00206	4.64e-05	-0.502	38.3
348	I	0	0.00205	5.54e-05	-0.497	38.3
349	E	0	0.00211	5.66e-05	-0.503	41.9
350	A	0	0.0021	5.16e-05	-0.499	44.2
351	V	0	0.00204	4.61e-05	-0.485	43.8
352	V	0	0.00209	5.74e-05	-0.481	45.4
353	I	0	0.00217	5.99e-05	-0.491	48.8
354	N	0	0.0021	4.72e-05	-0.481	50.2
355	T	0	0.00206	4.97e-05	-0.462	50.4
356	V	0	0.00216	5.57e-05	-0.465	52.9
357	V	0	0.00219	5.71e-05	-0.473	55.7
358	T	0	0.00205	4.42e-05	-0.457	56.7
359	T	0	0.00205	5.41e-05	-0.442	57.7
360	I	0	0.00225	5.7e-05	-0.451	60.5
361	T	0	0.00211	5.07e-05	-0.453	62.8
362	K	0	0.00187	4.3e-05	-0.434	63.8
363	F	0	0.00197	5.65e-05	-0.43	65.6
364	L	0	0.00219	5.88e-05	-0.442	68
365	D	0	0.00162	3.62e-05	-0.434	70.3
366	V	0	0.00143	3.83e-05	-0.422	72.6
367	F	0	0.00173	5.88e-05	-0.43	74.1
368	D	0	0.00141	4.93e-05	-0.434	78
369	K	0	0.0014	3.89e-05	-0.447	77.3
370	K	0	0.00142	5.12e-05	-0.444	78.1
371	N	0	0.0019	5.04e-05	-0.441	74.6
372	I	0	0.00221	4.43e-05	-0.453	71.4
373	L	0	0.00188	4.84e-05	-0.462	71.5
374	L	0	0.00197	5.33e-05	-0.453	70.7
375	C	0	0.00221	5.17e-05	-0.452	67.2
376	L	0	0.00219	4.48e-05	-0.469	65.2
377	D	0	0.00203	5.51e-05	-0.471	65.8
378	L	0	0.00209	5.25e-05	-0.459	63.7
379	S	0	0.00223	4.81e-05	-0.467	60.1
380	M	0	0.00214	4.68e-05	-0.482	59.5
381	K	0	0.00209	5.75e-05	-0.472	59.6
382	I	0	0.00208	5.49e-05	-0.465	56.3
383	L	0	0.00215	4.62e-05	-0.482	53.6
384	C	0	0.00214	5.18e-05	-0.483	54.4
385	M	0	0.00184	4.98e-05	-0.469	53.2
386	S	0	0.00167	4.61e-05	-0.473	49.3
387	C	0	0.00158	3.56e-05	-0.487	47.8
388	G	0	0.00141	4.86e-05	-0.477	48.5
389	Y	0	0.0015	5.68e-05	-0.484	51.6
390	V	0	0.00124	5.51e-05	-0.473	54.3
391	S	0	0.00116	5.35e-05	-0.481	57.5
392	A	0	0.00099	4.94e-05	-0.471	59.2
393	G	0	0.000856	4.89e-05	-0.476	63.3
394	K	0	0.000481	1.97e-05	-0.474	65
