# mean= 0.000719 s.d.= 0.00557 thr=0.00036 0.012 SIGMA= 2
#Residue names written in A0A023PXQ4-AFv4A_MIN4.5_ALL_PHIPSIPSI.names.dat
#resi resj coupling
0 1 0.147
0 2 0.0502
1 2 0.149
1 3 0.0559
1 4 0.0129
2 3 0.148
2 4 0.0451
2 5 0.0128
3 4 0.143
3 5 0.0645
3 6 0.0258
4 5 0.145
4 6 0.0532
4 7 0.0426
4 8 0.0281
5 6 0.146
5 7 0.0539
5 8 0.0575
5 9 0.0432
5 10 0.0122
6 7 0.146
6 8 0.0578
6 9 0.0708
6 10 0.0452
6 11 0.0125
7 8 0.146
7 9 0.0644
7 10 0.0759
7 11 0.0445
7 12 0.0136
8 9 0.147
8 10 0.0629
8 11 0.074
8 12 0.047
8 13 0.013
9 10 0.145
9 11 0.0625
9 12 0.0786
9 13 0.0456
9 14 0.0133
10 11 0.145
10 12 0.0645
10 13 0.0726
10 14 0.0463
10 15 0.0139
11 12 0.147
11 13 0.0608
11 14 0.0723
11 15 0.0484
11 16 0.0136
12 13 0.145
12 14 0.0605
12 15 0.0724
12 16 0.0454
12 17 0.0137
13 14 0.146
13 15 0.0628
13 16 0.0739
13 17 0.0486
13 18 0.0133
14 15 0.146
14 16 0.0627
14 17 0.0798
14 18 0.0473
14 19 0.0135
15 16 0.146
15 17 0.0647
15 18 0.0716
15 19 0.0454
15 20 0.0141
16 17 0.147
16 18 0.0596
16 19 0.0702
16 20 0.0495
16 21 0.0141
17 18 0.145
17 19 0.0608
17 20 0.074
17 21 0.0501
17 22 0.0144
18 19 0.146
18 20 0.0617
18 21 0.071
18 22 0.0489
18 23 0.0139
19 20 0.147
19 21 0.0589
19 22 0.07
19 23 0.0468
19 24 0.0134
20 21 0.146
20 22 0.0615
20 23 0.0712
20 24 0.0462
20 25 0.0141
21 22 0.146
21 23 0.0608
21 24 0.0734
21 25 0.0502
21 26 0.0137
22 23 0.145
22 24 0.063
22 25 0.0795
22 26 0.0486
22 27 0.0144
23 24 0.146
23 25 0.0636
23 26 0.0723
23 27 0.0492
23 28 0.0147
24 25 0.147
24 26 0.0609
24 27 0.0751
24 28 0.0526
24 29 0.0152
25 26 0.146
25 27 0.0615
25 28 0.0742
25 29 0.0519
25 30 0.0149
26 27 0.146
26 28 0.0615
26 29 0.0735
26 30 0.0503
26 31 0.0143
27 28 0.146
27 29 0.0596
27 30 0.0715
27 31 0.0473
27 32 0.0139
28 29 0.146
28 30 0.0626
28 31 0.0739
28 32 0.051
28 33 0.0154
29 30 0.146
29 31 0.0614
29 32 0.0734
29 33 0.0551
29 34 0.0183
30 31 0.146
30 32 0.0591
30 33 0.0696
30 34 0.0662
30 35 0.0212
31 32 0.146
31 33 0.0582
31 34 0.0617
31 35 0.0603
31 36 0.016
32 33 0.147
32 34 0.0486
32 35 0.0474
32 36 0.0342
32 37 0.0134
33 34 0.146
33 35 0.0517
33 36 0.0461
33 37 0.0466
33 38 0.0142
34 35 0.146
34 36 0.054
34 37 0.0704
34 38 0.0549
34 39 0.0158
35 36 0.144
35 37 0.0582
35 38 0.063
35 39 0.0478
35 40 0.0145
36 37 0.147
36 38 0.0595
36 39 0.0751
36 40 0.0552
36 41 0.0164
37 38 0.146
37 39 0.061
37 40 0.0747
37 41 0.0551
37 42 0.0151
38 39 0.146
38 40 0.0622
38 41 0.0815
38 42 0.0531
38 43 0.0155
39 40 0.146
39 41 0.0637
39 42 0.0756
39 43 0.0524
39 44 0.0155
40 41 0.147
40 42 0.0617
40 43 0.0785
40 44 0.0536
40 45 0.0147
41 42 0.145
41 43 0.0621
41 44 0.0798
41 45 0.0503
41 46 0.0147
42 43 0.146
42 44 0.0658
42 45 0.0773
42 46 0.055
42 47 0.0167
43 44 0.146
43 45 0.059
43 46 0.0675
43 47 0.0572
43 48 0.0192
44 45 0.144
44 46 0.0544
44 47 0.052
44 48 0.0507
45 46 0.144
45 47 0.0467
45 48 0.0529
45 49 0.0278
46 47 0.145
46 48 0.0588
46 49 0.0424
46 50 0.0264
47 48 0.149
47 49 0.0508
47 50 0.0494
47 51 0.0298
48 49 0.141
48 50 0.0513
48 51 0.038
48 52 0.0286
49 50 0.145
49 51 0.0461
49 52 0.0402
49 53 0.0153
50 51 0.144
50 52 0.0466
50 53 0.0163
51 52 0.145
51 53 0.0313
52 53 0.146
52 54 0.0445
52 55 0.0195
52 56 0.0357
52 57 0.0284
53 54 0.146
53 55 0.0532
53 56 0.0378
53 57 0.0155
54 55 0.143
54 56 0.0442
54 57 0.0265
55 56 0.143
55 57 0.0442
55 58 0.0272
55 59 0.0174
56 57 0.142
56 58 0.0604
56 59 0.0692
56 60 0.0388
57 58 0.147
57 59 0.063
57 60 0.0551
57 61 0.03
58 59 0.145
58 60 0.0475
58 61 0.0406
58 62 0.0307
58 85 0.0161
59 60 0.144
59 61 0.0534
59 62 0.0681
59 63 0.0368
60 61 0.144
60 62 0.0694
60 63 0.0677
60 64 0.0294
61 62 0.146
61 63 0.0558
61 64 0.0452
61 65 0.0207
62 63 0.144
62 64 0.0499
62 65 0.0401
62 66 0.0252
63 64 0.144
63 65 0.0547
63 66 0.0516
63 67 0.021
64 65 0.143
64 66 0.0505
64 67 0.0319
65 66 0.144
65 67 0.0488
65 68 0.0146
66 67 0.147
66 68 0.0443
66 69 0.0238
67 68 0.146
67 69 0.0351
68 69 0.149
68 70 0.0315
69 70 0.144
69 71 0.0332
69 72 0.012
70 71 0.149
70 72 0.0371
71 72 0.15
71 73 0.0305
71 74 0.0137
72 73 0.145
72 74 0.0385
73 74 0.146
73 75 0.0377
74 75 0.148
74 76 0.0493
75 76 0.147
75 77 0.041
75 93 0.0148
76 77 0.146
76 78 0.0448
76 92 0.0147
76 93 0.0169
77 78 0.145
77 79 0.0323
77 93 0.0147
77 94 0.0192
77 95 0.0157
78 79 0.143
78 80 0.0358
78 81 0.0138
78 82 0.0209
78 84 0.0121
78 94 0.0204
78 95 0.0156
79 80 0.145
79 81 0.0529
79 82 0.0348
80 81 0.143
80 82 0.0433
80 95 0.0175
80 96 0.0339
80 97 0.044
80 98 0.0151
81 82 0.145
81 83 0.0299
81 97 0.0228
81 98 0.0148
82 83 0.147
82 84 0.0502
82 97 0.0156
83 84 0.146
83 85 0.0389
83 97 0.0135
83 99 0.0244
83 100 0.0266
83 101 0.0189
84 85 0.147
84 86 0.0538
84 100 0.0231
84 101 0.0176
85 86 0.146
85 87 0.0356
85 100 0.012
85 101 0.021
85 102 0.0228
85 103 0.0155
86 87 0.145
86 88 0.0365
86 89 0.0135
86 90 0.0176
86 92 0.0136
86 102 0.016
87 88 0.148
87 89 0.0367
87 90 0.0204
88 89 0.142
88 90 0.0382
88 104 0.0127
88 105 0.0245
88 106 0.0362
88 107 0.0271
89 90 0.146
89 91 0.0286
89 106 0.0208
89 107 0.0253
89 108 0.0129
90 91 0.147
90 92 0.0494
90 107 0.0174
91 92 0.148
91 93 0.0381
91 107 0.0174
91 108 0.0175
91 109 0.0279
91 110 0.0209
92 93 0.147
92 94 0.0501
92 109 0.0147
92 110 0.0287
92 111 0.0182
93 94 0.146
93 95 0.0366
93 110 0.0176
93 111 0.0295
93 112 0.0173
94 95 0.147
94 96 0.0452
94 97 0.0291
94 111 0.0165
94 112 0.0251
94 113 0.0166
95 96 0.147
95 97 0.0358
95 112 0.0152
95 113 0.0255
96 97 0.145
96 98 0.0353
96 112 0.0129
96 113 0.0247
96 115 0.0184
96 116 0.0292
97 98 0.145
97 99 0.0634
97 100 0.0362
97 116 0.0287
98 99 0.145
98 100 0.0308
98 116 0.0365
98 119 0.0198
98 120 0.0154
99 100 0.146
99 101 0.0398
99 116 0.0155
99 119 0.0123
99 120 0.0215
100 101 0.146
100 102 0.0491
100 120 0.0151
101 102 0.147
101 103 0.0421
102 103 0.146
102 104 0.052
103 104 0.143
103 105 0.0303
104 105 0.179
104 106 0.0394
104 107 0.0236
105 106 0.139
105 107 0.0367
106 107 0.146
106 108 0.0456
107 108 0.144
107 109 0.0575
107 110 0.03
108 109 0.145
108 110 0.0285
109 110 0.146
109 111 0.0379
110 111 0.147
110 112 0.0457
111 112 0.146
111 113 0.0371
112 113 0.145
112 114 0.041
112 115 0.0152
112 116 0.0279
112 117 0.0274
113 114 0.145
113 115 0.0551
113 116 0.0409
113 117 0.0255
114 115 0.145
114 116 0.0537
114 117 0.0609
114 118 0.0224
114 142 0.0246
115 116 0.144
115 117 0.0611
115 118 0.0448
115 119 0.0205
116 117 0.146
116 118 0.0619
116 119 0.0603
116 120 0.0464
116 121 0.0137
117 118 0.145
117 119 0.0571
117 120 0.0774
117 121 0.0518
117 122 0.0128
117 142 0.0185
118 119 0.145
118 120 0.0629
118 121 0.0743
118 122 0.0399
118 142 0.0142
118 145 0.012
118 146 0.036
119 120 0.148
119 121 0.0651
119 122 0.0717
119 123 0.0385
119 124 0.0131
120 121 0.145
120 122 0.0609
120 123 0.0727
120 124 0.0483
120 125 0.0122
121 122 0.144
121 123 0.0682
121 124 0.0926
121 125 0.0452
121 146 0.0129
122 123 0.146
122 124 0.0632
122 125 0.0681
122 126 0.0266
123 124 0.145
123 125 0.0647
123 126 0.0624
123 127 0.0321
124 125 0.144
124 126 0.0689
124 127 0.0799
124 128 0.0227
124 129 0.0166
125 126 0.143
125 127 0.059
125 128 0.0296
126 127 0.144
126 128 0.0446
127 128 0.148
127 129 0.0543
128 129 0.147
128 130 0.0458
129 130 0.147
129 131 0.0351
130 131 0.155
130 132 0.0264
131 132 0.155
131 133 0.027
132 133 0.154
132 134 0.0335
133 134 0.148
133 135 0.0359
134 135 0.147
134 136 0.044
135 136 0.149
135 137 0.0527
135 138 0.0128
136 137 0.147
136 138 0.0601
137 138 0.149
137 139 0.046
137 140 0.0134
138 139 0.146
138 140 0.0446
138 141 0.0169
138 142 0.0339
138 143 0.0289
139 140 0.146
139 141 0.0728
139 142 0.0605
139 143 0.0307
140 141 0.145
140 142 0.0605
140 143 0.0707
140 144 0.0461
140 145 0.0132
141 142 0.145
141 143 0.061
141 144 0.0795
141 145 0.0481
141 146 0.0131
142 143 0.146
142 144 0.0683
142 145 0.0826
142 146 0.0476
142 147 0.0145
143 144 0.146
143 145 0.0623
143 146 0.0717
143 147 0.0474
143 148 0.0139
144 145 0.146
144 146 0.0608
144 147 0.0755
144 148 0.0492
144 149 0.0139
145 146 0.146
145 147 0.0638
145 148 0.0774
145 149 0.0483
145 150 0.0138
146 147 0.146
146 148 0.0625
146 149 0.0754
146 150 0.0468
146 151 0.0137
147 148 0.146
147 149 0.0627
147 150 0.0744
147 151 0.0472
147 152 0.0144
148 149 0.145
148 150 0.0623
148 151 0.0771
148 152 0.0509
148 153 0.014
149 150 0.146
149 151 0.064
149 152 0.0837
149 153 0.0495
149 154 0.0138
150 151 0.146
150 152 0.0662
150 153 0.0785
150 154 0.0467
150 155 0.015
151 152 0.146
151 153 0.0624
151 154 0.0734
151 155 0.053
151 156 0.0151
152 153 0.144
152 154 0.061
152 155 0.0792
152 156 0.0536
152 157 0.0146
152 222 0.0149
153 154 0.145
153 155 0.0626
153 156 0.0739
153 157 0.0462
153 158 0.0138
154 155 0.147
154 156 0.0609
154 157 0.0735
154 158 0.0478
154 159 0.0138
155 156 0.146
155 157 0.0649
155 158 0.0822
155 159 0.0503
155 160 0.0153
156 157 0.146
156 158 0.0638
156 159 0.0795
156 160 0.0516
156 161 0.014
157 158 0.145
157 159 0.0642
157 160 0.0857
157 161 0.049
157 162 0.0148
158 159 0.145
158 160 0.0666
158 161 0.0779
158 162 0.0505
158 163 0.0151
159 160 0.147
159 161 0.0626
159 162 0.0822
159 163 0.0531
159 164 0.0144
160 161 0.145
160 162 0.0645
160 163 0.082
160 164 0.0497
160 165 0.0143
161 162 0.146
161 163 0.0658
161 164 0.0772
161 165 0.0497
161 166 0.0146
162 163 0.146
162 164 0.0594
162 165 0.0713
162 166 0.0493
162 167 0.0135
163 164 0.144
163 165 0.061
163 166 0.0714
163 167 0.0474
164 165 0.144
164 166 0.0582
164 167 0.062
164 168 0.0237
165 166 0.144
165 167 0.0545
165 168 0.0342
165 169 0.0126
166 167 0.144
166 168 0.0477
166 169 0.0334
166 170 0.0162
167 168 0.141
167 169 0.0534
167 170 0.0379
167 171 0.0156
168 169 0.145
168 170 0.0438
168 171 0.0187
169 170 0.145
169 171 0.0338
170 171 0.157
170 172 0.0275
171 172 0.151
171 173 0.0405
171 174 0.0123
172 173 0.144
172 174 0.026
172 175 0.0122
173 174 0.142
173 175 0.0405
174 175 0.144
174 176 0.0563
174 177 0.03
174 178 0.0175
175 176 0.141
175 177 0.0445
175 178 0.0454
175 179 0.0283
176 177 0.145
176 178 0.0568
176 179 0.0528
176 180 0.0226
177 178 0.146
177 179 0.0587
177 180 0.0512
177 181 0.0294
178 179 0.145
178 180 0.0612
178 181 0.0708
178 182 0.0437
178 183 0.013
179 180 0.145
179 181 0.0615
179 182 0.0678
179 183 0.0456
180 181 0.145
180 182 0.0572
180 183 0.0681
180 184 0.0365
181 182 0.145
181 183 0.0612
181 184 0.0608
181 185 0.0315
182 183 0.145
182 184 0.0601
182 185 0.0611
182 186 0.0346
183 184 0.144
183 185 0.0576
183 186 0.0588
184 185 0.144
184 186 0.0569
184 187 0.0151
185 186 0.145
185 187 0.0388
185 188 0.0129
186 187 0.152
186 188 0.0294
187 188 0.154
187 189 0.0419
188 189 0.146
188 190 0.0432
188 191 0.0146
189 190 0.148
189 191 0.0428
190 191 0.149
190 192 0.0395
190 193 0.0134
191 192 0.149
191 193 0.039
192 193 0.15
192 194 0.0367
193 194 0.149
193 195 0.0468
194 195 0.148
194 196 0.0414
195 196 0.15
195 197 0.0532
196 197 0.143
196 198 0.0369
197 198 0.153
197 199 0.0297
198 199 0.149
198 200 0.0346
198 201 0.0139
199 200 0.144
199 201 0.0319
199 227 0.0124
199 228 0.0161
200 201 0.148
200 202 0.0427
200 228 0.0207
200 229 0.0251
200 230 0.0146
201 202 0.147
201 203 0.045
201 229 0.0271
201 230 0.0157
202 203 0.146
202 204 0.0425
202 229 0.0253
202 230 0.0351
202 231 0.026
202 232 0.0193
203 204 0.147
203 205 0.0495
203 229 0.0152
203 230 0.0178
203 231 0.034
203 232 0.0236
204 205 0.145
204 206 0.038
204 231 0.0206
204 232 0.0362
204 233 0.0253
204 234 0.0162
205 206 0.145
205 207 0.0403
205 208 0.0144
205 209 0.0157
205 213 0.0123
205 232 0.0153
205 233 0.026
205 234 0.015
206 207 0.146
206 208 0.0446
206 209 0.0199
206 233 0.0149
206 234 0.0191
207 208 0.142
207 209 0.0484
207 210 0.0312
207 234 0.0131
207 235 0.0165
207 236 0.0175
208 209 0.145
208 210 0.0427
208 211 0.0127
209 210 0.146
209 211 0.0693
209 212 0.0717
209 213 0.0387
209 214 0.012
210 211 0.143
210 212 0.0609
210 213 0.0726
210 214 0.0414
211 212 0.146
211 213 0.0636
211 214 0.0752
211 215 0.0403
211 216 0.0126
212 213 0.147
212 214 0.0655
212 215 0.0764
212 216 0.0469
212 217 0.0136
213 214 0.145
213 215 0.0651
213 216 0.0819
213 217 0.0491
213 218 0.015
214 215 0.146
214 216 0.0621
214 217 0.0733
214 218 0.0494
214 219 0.0134
215 216 0.145
215 217 0.063
215 218 0.0827
215 219 0.0458
215 220 0.0132
216 217 0.146
216 218 0.065
216 219 0.0773
216 220 0.0447
216 221 0.013
217 218 0.146
217 219 0.0676
217 220 0.0836
217 221 0.0485
217 222 0.0137
217 247 0.0161
218 219 0.145
218 220 0.062
218 221 0.074
218 222 0.0419
218 247 0.0126
219 220 0.145
219 221 0.0628
219 222 0.0745
219 223 0.0412
220 221 0.145
220 222 0.0657
220 223 0.0694
220 224 0.0314
220 225 0.038
221 222 0.146
221 223 0.0556
221 224 0.0425
221 225 0.02
221 250 0.0169
222 223 0.144
222 224 0.0485
222 225 0.0149
223 224 0.143
223 225 0.0667
224 225 0.145
224 226 0.0407
225 226 0.145
225 227 0.051
226 227 0.147
226 228 0.0338
227 228 0.149
227 229 0.0579
228 229 0.146
228 230 0.0373
228 254 0.0193
228 255 0.0124
229 230 0.148
229 231 0.0495
229 254 0.0132
229 255 0.0137
230 231 0.146
230 232 0.0443
230 255 0.0232
230 257 0.0142
231 232 0.147
231 233 0.05
231 255 0.0128
232 233 0.147
232 234 0.0459
232 258 0.0144
233 234 0.146
233 235 0.0452
234 235 0.144
234 236 0.0417
235 236 0.149
235 237 0.0434
235 238 0.0178
236 237 0.146
236 238 0.037
237 238 0.151
237 239 0.0265
238 239 0.149
238 240 0.0263
239 240 0.148
239 241 0.0301
240 241 0.148
240 242 0.0457
241 242 0.147
241 243 0.0541
242 243 0.147
242 244 0.0418
243 244 0.145
243 245 0.0428
243 246 0.0149
243 247 0.0313
243 248 0.0249
244 245 0.145
244 246 0.0594
244 247 0.0529
244 248 0.0252
245 246 0.146
245 247 0.0608
245 248 0.0603
245 249 0.0243
245 269 0.0133
245 270 0.0222
245 272 0.0131
245 273 0.0253
246 247 0.144
246 248 0.0604
246 249 0.049
246 250 0.0238
247 248 0.145
247 249 0.056
247 250 0.0544
247 251 0.045
247 252 0.0134
248 249 0.145
248 250 0.0582
248 251 0.0744
248 252 0.0532
248 253 0.0127
248 273 0.0143
249 250 0.144
249 251 0.0577
249 252 0.0673
249 253 0.0359
249 273 0.0168
249 277 0.0125
250 251 0.146
250 252 0.0629
250 253 0.0649
250 254 0.0381
251 252 0.144
251 253 0.0604
251 254 0.0698
251 255 0.0412
252 253 0.144
252 254 0.0598
252 255 0.0495
252 256 0.0179
253 254 0.144
253 255 0.0445
253 256 0.0193
254 255 0.143
254 256 0.0368
255 256 0.154
255 257 0.0567
255 258 0.0341
256 257 0.141
256 258 0.0392
257 258 0.15
257 259 0.0578
258 259 0.148
258 260 0.0584
259 260 0.146
259 261 0.0442
260 261 0.146
260 262 0.0366
261 262 0.148
261 263 0.0317
262 263 0.157
262 264 0.029
263 264 0.146
263 265 0.0326
264 265 0.146
264 266 0.0316
265 266 0.146
265 267 0.0381
266 267 0.147
266 268 0.0425
266 293 0.0129
267 268 0.147
267 269 0.0488
268 269 0.146
268 270 0.0377
269 270 0.145
269 271 0.0412
269 272 0.0145
269 273 0.0279
269 274 0.0188
270 271 0.145
270 272 0.0643
270 273 0.0524
270 274 0.0229
271 272 0.144
271 273 0.0634
271 274 0.0611
271 275 0.0221
271 295 0.0161
271 296 0.0178
272 273 0.145
272 274 0.0568
272 275 0.0422
272 276 0.018
273 274 0.144
273 275 0.0556
273 276 0.0478
273 277 0.0321
274 275 0.144
274 276 0.0575
274 277 0.066
274 278 0.0391
275 276 0.144
275 277 0.0567
275 278 0.0539
275 279 0.023
276 277 0.145
276 278 0.0556
276 279 0.0461
276 280 0.0234
277 278 0.145
277 279 0.0592
277 280 0.0519
277 281 0.0362
278 279 0.144
278 280 0.0501
278 281 0.0391
278 282 0.0143
279 280 0.145
279 281 0.0413
279 282 0.0143
280 281 0.145
280 282 0.0326
281 282 0.149
281 283 0.053
281 284 0.0122
282 283 0.146
282 284 0.0447
283 284 0.151
283 285 0.0547
283 286 0.0151
284 285 0.148
284 286 0.0381
285 286 0.15
285 287 0.0491
286 287 0.15
286 288 0.0426
287 288 0.148
287 289 0.0411
288 289 0.148
288 290 0.0342
288 291 0.014
289 290 0.144
289 291 0.0327
290 291 0.148
290 292 0.0339
291 292 0.146
291 293 0.0413
292 293 0.147
292 294 0.0446
293 294 0.147
293 295 0.0491
294 295 0.147
294 296 0.0382
295 296 0.144
295 297 0.0432
295 298 0.0128
296 297 0.144
296 298 0.0537
296 299 0.0206
297 298 0.143
297 299 0.0481
297 300 0.0225
298 299 0.145
298 300 0.0381
299 300 0.148
299 301 0.0459
300 301 0.149
300 302 0.0299
300 303 0.0121
301 302 0.147
301 303 0.0327
302 303 0.151
302 304 0.0425
302 305 0.0122
303 304 0.144
303 305 0.0368
303 306 0.0123
304 305 0.148
304 306 0.0431
305 306 0.151
305 307 0.0397
306 307 0.15
306 308 0.0376
307 308 0.149
307 309 0.0367
308 309 0.148
308 310 0.0406
309 310 0.148
309 311 0.0411
310 311 0.148
310 312 0.0409
311 312 0.146
311 313 0.0389
312 313 0.146
312 314 0.0454
313 314 0.148
313 315 0.0337
314 315 0.154
314 316 0.0395
315 316 0.154
315 317 0.0306
316 317 0.19
316 318 0.0286
317 318 0.15
317 319 0.0349
318 319 0.146
318 320 0.0303
319 320 0.147
319 321 0.0388
320 321 0.145
320 322 0.0258
321 322 0.148
321 323 0.0312
322 323 0.149
322 324 0.0409
323 324 0.147
323 325 0.0359
324 325 0.15
324 326 0.0346
325 326 0.146
325 327 0.0254
326 327 0.149
326 328 0.0294
327 328 0.195
327 329 0.0304
328 329 0.14
328 330 0.0337
329 330 0.191
329 331 0.0319
330 331 0.15
330 332 0.0295
331 332 0.144
331 333 0.0342
331 334 0.0125
332 333 0.147
332 334 0.0607
333 334 0.149
333 335 0.0458
333 336 0.0135
334 335 0.15
334 336 0.0668
334 337 0.0172
335 336 0.15
335 337 0.0431
335 338 0.0149
335 339 0.0227
335 340 0.0135
336 337 0.144
336 338 0.0696
336 339 0.048
336 340 0.0203
337 338 0.144
337 339 0.0599
337 340 0.0608
337 341 0.0395
337 342 0.0122
338 339 0.144
338 340 0.062
338 341 0.0824
338 342 0.0498
338 343 0.0131
339 340 0.146
339 341 0.0659
339 342 0.0824
339 343 0.0433
339 344 0.0129
340 341 0.145
340 342 0.0662
340 343 0.0762
340 344 0.044
340 345 0.0131
341 342 0.146
341 343 0.0639
341 344 0.0784
341 345 0.0474
341 346 0.0143
342 343 0.146
342 344 0.0634
342 345 0.0752
342 346 0.0492
342 347 0.0135
343 344 0.145
343 345 0.0621
343 346 0.0791
343 347 0.0454
343 348 0.0135
344 345 0.146
344 346 0.0643
344 347 0.0753
344 348 0.0463
344 349 0.0137
345 346 0.146
345 347 0.0652
345 348 0.0836
345 349 0.0506
345 350 0.0138
346 347 0.145
346 348 0.0641
346 349 0.0792
346 350 0.0456
346 351 0.0136
347 348 0.146
347 349 0.0643
347 350 0.0739
347 351 0.0472
347 352 0.0143
348 349 0.146
348 350 0.0609
348 351 0.0751
348 352 0.0508
348 353 0.0144
349 350 0.144
349 351 0.0624
349 352 0.0777
349 353 0.0496
349 354 0.0141
350 351 0.146
350 352 0.0627
350 353 0.0761
350 354 0.0484
350 355 0.014
351 352 0.145
351 353 0.0628
351 354 0.0766
351 355 0.0484
351 356 0.0143
352 353 0.146
352 354 0.0626
352 355 0.0768
352 356 0.0505
352 357 0.0142
353 354 0.145
353 355 0.0635
353 356 0.0787
353 357 0.0496
353 358 0.0144
354 355 0.146
354 356 0.0616
354 357 0.0731
354 358 0.0468
354 359 0.0135
355 356 0.145
355 357 0.0617
355 358 0.0774
355 359 0.0474
355 360 0.0133
356 357 0.145
356 358 0.0655
356 359 0.0799
356 360 0.0479
356 361 0.0132
357 358 0.147
357 359 0.0634
357 360 0.0751
357 361 0.043
357 362 0.013
358 359 0.146
358 360 0.0611
358 361 0.0696
358 362 0.0417
358 363 0.0125
359 360 0.144
359 361 0.0634
359 362 0.0812
359 363 0.0484
359 364 0.0121
359 374 0.0128
359 375 0.0125
359 378 0.0143
360 361 0.145
360 362 0.0687
360 363 0.0844
360 364 0.0404
361 362 0.147
361 363 0.0619
361 364 0.0645
361 365 0.025
362 363 0.145
362 364 0.0636
362 365 0.0595
362 366 0.0272
363 364 0.144
363 365 0.0699
363 366 0.0718
363 367 0.0163
363 368 0.012
363 370 0.0148
363 371 0.0472
363 374 0.019
364 365 0.144
364 366 0.0574
364 367 0.017
364 371 0.0122
365 366 0.145
365 367 0.0308
366 367 0.148
366 368 0.0396
366 369 0.0188
366 370 0.0513
366 371 0.0446
367 368 0.143
367 369 0.0594
367 370 0.0581
367 371 0.0341
368 369 0.144
368 370 0.0592
368 371 0.0671
368 372 0.0252
369 370 0.145
369 371 0.0599
369 372 0.0477
369 373 0.0243
370 371 0.144
370 372 0.0632
370 373 0.0696
370 374 0.0437
370 375 0.0126
371 372 0.145
371 373 0.0615
371 374 0.0764
371 375 0.0458
371 376 0.0128
372 373 0.145
372 374 0.0636
372 375 0.0746
372 376 0.044
372 377 0.013
373 374 0.147
373 375 0.0638
373 376 0.0751
373 377 0.0454
373 378 0.0137
374 375 0.145
374 376 0.0615
374 377 0.0751
374 378 0.0486
374 379 0.0136
375 376 0.144
375 377 0.0647
375 378 0.0803
375 379 0.0482
375 380 0.0135
376 377 0.146
376 378 0.0614
376 379 0.0734
376 380 0.043
376 381 0.0125
377 378 0.145
377 379 0.0644
377 380 0.0764
377 381 0.0444
377 382 0.0131
378 379 0.146
378 380 0.0639
378 381 0.0779
378 382 0.0455
378 383 0.0132
379 380 0.145
379 381 0.0649
379 382 0.0802
379 383 0.0466
379 384 0.0132
380 381 0.147
380 382 0.0656
380 383 0.08
380 384 0.0454
380 385 0.0138
381 382 0.145
381 383 0.0635
381 384 0.0761
381 385 0.0474
381 386 0.0128
382 383 0.145
382 384 0.0646
382 385 0.0818
382 386 0.0481
382 387 0.0127
382 388 0.0125
383 384 0.145
383 385 0.0631
383 386 0.0652
383 387 0.0385
383 388 0.06
383 389 0.0211
383 390 0.0149
384 385 0.145
384 386 0.0548
384 387 0.0562
384 388 0.0311
384 389 0.0164
385 386 0.147
385 387 0.0581
385 388 0.0192
386 387 0.144
386 388 0.0685
386 389 0.013
387 388 0.146
387 389 0.0522
388 389 0.152
388 390 0.0631
388 391 0.0142
389 390 0.15
389 391 0.0616
389 392 0.0128
390 391 0.15
390 392 0.0578
390 393 0.0126
391 392 0.149
391 393 0.0403
392 393 0.155
