# Reciprocal collectivity of fluctuations=  5.3
# kappa=  1.000
# Frequency reported in internal units: 0.156 ps^(-1), kT/h/ is 2.47 internal units (om-2)= 0.164
#mode pc_therm cumul om-2(harm)  RMSD  Coll_cart Coll_MW Coll_tors Max_dev_atom
    0  0.3966 0.397  1.99e+05     8.11  0.204 0.393 0.075  110.100
    1  0.3140 0.711  1.575e+05     7.22  0.176 0.343 0.065  105.102
    2  0.1003 0.811  5.03e+04     4.08  0.286 0.165 0.107  59.292
    3  0.0735 0.884  3.688e+04     3.49  0.407 0.251 0.097  55.369
    4  0.0393 0.924  1.971e+04     2.55  0.357 0.340 0.098  36.911
    5  0.0227 0.946  1.14e+04     1.94  0.415 0.375 0.098  18.236
    6  0.0137 0.960     6859     1.51  0.432 0.301 0.138  17.543
    7  0.0085 0.969     4263     1.19  0.384 0.317 0.122  18.282
    8  0.0071 0.976     3551     1.08  0.357 0.245 0.085  16.488
    9  0.0057 0.981     2868    0.974  0.457 0.265 0.108  12.925
   10  0.0030 0.984     1486    0.701  0.461 0.334 0.146  6.144
   11  0.0021 0.986     1052     0.59  0.312 0.217 0.128  9.873
   12  0.0020 0.988     1023    0.582  0.336 0.242 0.113  10.369
   13  0.0018 0.990    901.5    0.546  0.119 0.101 0.054  14.418
   14  0.0011 0.991    568.1    0.434  0.327 0.255 0.165  5.904
   15  0.0011 0.992    540.4    0.423  0.354 0.297 0.148  4.274
   16  0.0009 0.993      432    0.378  0.207 0.216 0.135  7.794
   17  0.0008 0.994    378.4    0.354  0.209 0.196 0.101  5.866
   18  0.0007 0.995    327.2    0.329  0.231 0.247 0.122  5.116
   19  0.0005 0.995      258    0.292  0.135 0.066 0.062  6.016
   20  0.0004 0.996    208.3    0.263  0.302 0.297 0.185  4.706
   21  0.0004 0.996    177.7    0.243  0.346 0.218 0.157  3.203
   22  0.0003 0.996    158.3    0.229  0.311 0.273 0.148  2.940
   23  0.0003 0.997    132.7     0.21  0.304 0.281 0.148  2.400
   24  0.0002 0.997    120.5      0.2  0.341 0.296 0.184  2.733
   25  0.0002 0.997    112.6    0.193  0.305 0.259 0.169  2.699
   26  0.0002 0.997    106.9    0.188  0.253 0.197 0.131  2.447
   27  0.0002 0.997    98.13     0.18  0.254 0.234 0.137  2.521
   28  0.0002 0.998    96.55    0.179  0.326 0.295 0.175  2.626
   29  0.0001 0.998    70.59    0.153  0.219 0.224 0.104  2.363
   30  0.0001 0.998    65.73    0.147  0.316 0.334 0.146  1.836
   31  0.0001 0.998    56.77    0.137  0.118 0.102 0.124  4.068
   32  0.0001 0.998    55.09    0.135  0.293 0.243 0.152  2.271
   33  0.0001 0.998    51.43     0.13  0.168 0.154 0.157  3.156
   34  0.0001 0.998    50.13    0.129  0.306 0.271 0.141  2.177
   35  0.0001 0.998    47.81    0.126  0.122 0.119 0.140  2.814
   36  0.0001 0.998    43.55     0.12  0.248 0.259 0.173  2.116
   37  0.0001 0.999    38.45    0.113  0.231 0.200 0.142  1.466
   38  0.0001 0.999    36.82     0.11  0.246 0.199 0.125  1.791
   39  0.0001 0.999    36.05    0.109  0.241 0.209 0.182  1.782
   40  0.0001 0.999    33.89    0.106  0.122 0.157 0.038  2.102
   41  0.0001 0.999    29.67   0.0991  0.330 0.318 0.214  1.064
   42  0.0001 0.999    27.44   0.0953  0.274 0.263 0.146  1.278
   43  0.0000 0.999    24.94   0.0908  0.287 0.271 0.151  1.521
   44  0.0000 0.999    23.03   0.0873  0.236 0.178 0.119  2.106
   45  0.0000 0.999    20.21   0.0818  0.123 0.104 0.071  2.062
   46  0.0000 0.999    17.59   0.0763  0.229 0.240 0.116  1.331
   47  0.0000 0.999       17    0.075  0.268 0.251 0.195  1.473
   48  0.0000 0.999    16.03   0.0728  0.146 0.154 0.133  2.213
   49  0.0000 0.999    15.31   0.0712  0.200 0.215 0.170  1.874
   50  0.0000 0.999       15   0.0704  0.279 0.296 0.149  1.029
   51  0.0000 0.999    14.13   0.0684  0.158 0.166 0.087  1.483
   52  0.0000 0.999    12.79    0.065  0.080 0.179 0.104  2.330
   53  0.0000 0.999    12.56   0.0645  0.286 0.377 0.200  1.491
   54  0.0000 0.999    12.13   0.0633  0.230 0.286 0.154  1.654
   55  0.0000 0.999    11.61    0.062  0.270 0.306 0.197  1.936
   56  0.0000 0.999    10.87     0.06  0.251 0.243 0.162  1.293
   57  0.0000 0.999    10.48   0.0589  0.137 0.160 0.104  1.374
   58  0.0000 0.999    9.766   0.0568  0.305 0.295 0.219  1.567
   59  0.0000 0.999    9.296   0.0555  0.253 0.247 0.192  2.142
   60  0.0000 0.999    8.681   0.0536  0.182 0.217 0.121  1.518
   61  0.0000 0.999     8.35   0.0526  0.182 0.158 0.141  1.133
   62  0.0000 0.999    8.114   0.0518  0.170 0.230 0.132  1.358
   63  0.0000 0.999    7.994   0.0514  0.127 0.119 0.065  1.079
   64  0.0000 0.999    7.886   0.0511  0.241 0.234 0.159  0.914
   65  0.0000 1.000    7.596   0.0501  0.279 0.281 0.160  0.848
   66  0.0000 1.000    6.705   0.0471  0.276 0.281 0.181  0.859
   67  0.0000 1.000    6.303   0.0457  0.243 0.231 0.199  0.882
   68  0.0000 1.000    6.148   0.0451  0.209 0.239 0.166  0.760
   69  0.0000 1.000    6.081   0.0449  0.089 0.097 0.043  1.437
   70  0.0000 1.000    5.964   0.0444  0.203 0.233 0.185  0.788
   71  0.0000 1.000      5.7   0.0434  0.162 0.136 0.132  1.381
   72  0.0000 1.000    5.583    0.043  0.157 0.157 0.094  1.351
   73  0.0000 1.000    5.237   0.0416  0.126 0.130 0.090  0.972
   74  0.0000 1.000    5.092    0.041  0.168 0.188 0.130  0.925
   75  0.0000 1.000    5.058   0.0409  0.140 0.142 0.100  1.052
   76  0.0000 1.000    4.665   0.0393  0.198 0.172 0.124  0.784
   77  0.0000 1.000    4.315   0.0378  0.165 0.144 0.109  0.655
   78  0.0000 1.000    4.186   0.0372  0.120 0.123 0.115  1.495
   79  0.0000 1.000    4.074   0.0367  0.162 0.179 0.149  0.735
   80  0.0000 1.000    3.945   0.0361  0.147 0.140 0.106  0.830
   81  0.0000 1.000    3.878   0.0358  0.133 0.154 0.096  0.741
   82  0.0000 1.000    3.535   0.0342  0.148 0.154 0.079  0.927
   83  0.0000 1.000    3.418   0.0336  0.063 0.067 0.059  1.031
   84  0.0000 1.000    3.338   0.0332  0.024 0.037 0.014  2.563
   85  0.0000 1.000    3.249   0.0328  0.164 0.156 0.138  1.002
   86  0.0000 1.000    3.106   0.0321  0.207 0.203 0.127  0.605
   87  0.0000 1.000    3.038   0.0317  0.072 0.080 0.057  1.067
   88  0.0000 1.000    2.967   0.0313  0.271 0.231 0.154  0.560
   89  0.0000 1.000    2.947   0.0312  0.179 0.168 0.128  0.657
   90  0.0000 1.000    2.747   0.0301  0.248 0.275 0.164  0.731
   91  0.0000 1.000    2.707   0.0299  0.173 0.197 0.151  0.791
   92  0.0000 1.000    2.639   0.0295  0.262 0.273 0.207  0.527
   93  0.0000 1.000    2.549    0.029  0.161 0.201 0.126  0.651
   94  0.0000 1.000    2.509   0.0288  0.163 0.172 0.118  0.810
   95  0.0000 1.000    2.468   0.0286  0.163 0.188 0.111  0.512
   96  0.0000 1.000    2.396   0.0282  0.134 0.157 0.123  0.818
   97  0.0000 1.000    2.321   0.0277  0.155 0.181 0.127  1.040
   98  0.0000 1.000    2.292   0.0275  0.178 0.181 0.135  0.727
   99  0.0000 1.000    2.207    0.027  0.137 0.161 0.084  0.656
  100  0.0000 1.000    2.193   0.0269  0.245 0.265 0.164  0.706
  101  0.0000 1.000    2.153   0.0267  0.211 0.238 0.161  0.585
  102  0.0000 1.000     2.08   0.0262  0.147 0.168 0.126  0.500
  103  0.0000 1.000    2.004   0.0258  0.111 0.107 0.058  0.641
  104  0.0000 1.000    1.963   0.0255  0.106 0.108 0.103  0.667
  105  0.0000 1.000    1.869   0.0249  0.074 0.103 0.070  1.054
  106  0.0000 1.000    1.841   0.0247  0.117 0.128 0.103  0.789
  107  0.0000 1.000    1.738    0.024  0.037 0.026 0.042  0.809
  108  0.0000 1.000     1.67   0.0235  0.139 0.162 0.090  0.907
  109  0.0000 1.000    1.645   0.0233  0.179 0.186 0.130  0.469
  110  0.0000 1.000    1.632   0.0232  0.060 0.072 0.047  0.959
  111  0.0000 1.000    1.582   0.0229  0.092 0.096 0.050  0.737
  112  0.0000 1.000     1.55   0.0226  0.130 0.125 0.063  0.595
  113  0.0000 1.000    1.509   0.0223  0.075 0.099 0.071  0.899
  114  0.0000 1.000    1.485   0.0222  0.074 0.085 0.057  0.718
  115  0.0000 1.000     1.43   0.0218  0.236 0.267 0.160  0.525
  116  0.0000 1.000    1.403   0.0215  0.145 0.183 0.123  0.567
  117  0.0000 1.000    1.384   0.0214  0.037 0.066 0.039  0.945
  118  0.0000 1.000    1.378   0.0214  0.126 0.135 0.112  0.564
  119  0.0000 1.000    1.299   0.0207  0.082 0.092 0.082  1.011
  120  0.0000 1.000    1.233   0.0202  0.102 0.127 0.090  0.511
  121  0.0000 1.000    1.227   0.0202  0.098 0.126 0.074  0.553
  122  0.0000 1.000    1.226   0.0201  0.086 0.119 0.115  0.840
  123  0.0000 1.000    1.213     0.02  0.068 0.084 0.049  0.747
  124  0.0000 1.000    1.164   0.0196  0.207 0.225 0.206  0.380
  125  0.0000 1.000    1.135   0.0194  0.072 0.097 0.091  0.727
  126  0.0000 1.000    1.115   0.0192  0.201 0.200 0.175  0.380
  127  0.0000 1.000    1.081   0.0189  0.105 0.110 0.077  0.468
  128  0.0000 1.000    1.077   0.0189  0.115 0.122 0.081  0.529
  129  0.0000 1.000    1.073   0.0188  0.168 0.186 0.162  0.409
  130  0.0000 1.000    1.024   0.0184  0.123 0.144 0.078  0.965
  131  0.0000 1.000    1.021   0.0184  0.186 0.210 0.115  0.588
  132  0.0000 1.000   0.9908   0.0181  0.117 0.123 0.083  0.585
  133  0.0000 1.000   0.9795    0.018  0.043 0.048 0.015  0.586
  134  0.0000 1.000   0.9544   0.0178  0.119 0.134 0.113  0.518
  135  0.0000 1.000   0.9474   0.0177  0.170 0.177 0.141  0.354
  136  0.0000 1.000   0.9243   0.0175  0.169 0.200 0.142  0.507
  137  0.0000 1.000   0.9229   0.0175  0.189 0.224 0.169  0.468
  138  0.0000 1.000    0.899   0.0172  0.117 0.140 0.090  0.461
  139  0.0000 1.000   0.8912   0.0172  0.090 0.108 0.068  0.592
  140  0.0000 1.000   0.8784    0.017  0.027 0.035 0.036  1.211
  141  0.0000 1.000   0.8503   0.0168  0.133 0.149 0.113  0.355
  142  0.0000 1.000   0.8296   0.0166  0.131 0.142 0.113  0.463
  143  0.0000 1.000   0.8033   0.0163  0.126 0.144 0.136  0.319
  144  0.0000 1.000   0.7959   0.0162  0.150 0.154 0.138  0.353
  145  0.0000 1.000   0.7931   0.0162  0.112 0.114 0.112  0.390
  146  0.0000 1.000   0.7828   0.0161  0.043 0.066 0.034  0.720
  147  0.0000 1.000   0.7761    0.016  0.083 0.098 0.059  0.437
  148  0.0000 1.000   0.7668   0.0159  0.117 0.153 0.094  0.353
  149  0.0000 1.000   0.7346   0.0156  0.133 0.178 0.114  0.434
  150  0.0000 1.000   0.7255   0.0155  0.118 0.150 0.088  0.384
  151  0.0000 1.000   0.7174   0.0154  0.207 0.245 0.142  0.295
  152  0.0000 1.000   0.7109   0.0153  0.167 0.208 0.123  0.420
  153  0.0000 1.000   0.7005   0.0152  0.119 0.150 0.117  0.514
  154  0.0000 1.000    0.677    0.015  0.058 0.075 0.086  0.660
  155  0.0000 1.000   0.6689   0.0149  0.110 0.126 0.067  0.332
  156  0.0000 1.000   0.6534   0.0147  0.058 0.071 0.035  0.494
  157  0.0000 1.000   0.6504   0.0147  0.091 0.088 0.058  0.460
  158  0.0000 1.000   0.6412   0.0146  0.129 0.159 0.102  0.297
  159  0.0000 1.000   0.6275   0.0144  0.173 0.195 0.102  0.337
  160  0.0000 1.000    0.625   0.0144  0.184 0.208 0.113  0.347
  161  0.0000 1.000    0.618   0.0143  0.135 0.172 0.106  0.363
  162  0.0000 1.000    0.596    0.014  0.086 0.129 0.086  0.434
  163  0.0000 1.000   0.5858   0.0139  0.111 0.154 0.108  0.434
  164  0.0000 1.000   0.5815   0.0139  0.075 0.086 0.066  0.457
  165  0.0000 1.000   0.5779   0.0138  0.143 0.181 0.115  0.349
  166  0.0000 1.000   0.5725   0.0138  0.184 0.206 0.109  0.475
  167  0.0000 1.000   0.5702   0.0137  0.109 0.113 0.088  0.407
  168  0.0000 1.000   0.5631   0.0137  0.125 0.164 0.134  0.324
  169  0.0000 1.000   0.5466   0.0134  0.136 0.188 0.129  0.278
  170  0.0000 1.000   0.5395   0.0134  0.097 0.118 0.047  0.307
  171  0.0000 1.000   0.5193   0.0131  0.123 0.164 0.155  0.393
  172  0.0000 1.000    0.516   0.0131  0.016 0.024 0.021  0.643
  173  0.0000 1.000   0.5112    0.013  0.040 0.065 0.030  0.523
  174  0.0000 1.000   0.4943   0.0128  0.070 0.095 0.076  0.295
  175  0.0000 1.000   0.4909   0.0127  0.038 0.047 0.031  0.472
  176  0.0000 1.000   0.4826   0.0126  0.061 0.069 0.064  0.396
  177  0.0000 1.000   0.4728   0.0125  0.121 0.163 0.111  0.352
  178  0.0000 1.000   0.4704   0.0125  0.091 0.127 0.082  0.424
  179  0.0000 1.000   0.4558   0.0123  0.050 0.068 0.044  0.431
  180  0.0000 1.000   0.4512   0.0122  0.191 0.252 0.152  0.294
  181  0.0000 1.000   0.4468   0.0122  0.081 0.091 0.076  0.367
  182  0.0000 1.000   0.4402   0.0121  0.189 0.245 0.158  0.248
  183  0.0000 1.000   0.4271   0.0119  0.113 0.135 0.059  0.361
  184  0.0000 1.000   0.4254   0.0119  0.058 0.071 0.039  0.498
  185  0.0000 1.000   0.4146   0.0117  0.091 0.131 0.083  0.293
  186  0.0000 1.000   0.4067   0.0116  0.121 0.142 0.116  0.263
  187  0.0000 1.000   0.4035   0.0116  0.193 0.241 0.144  0.217
  188  0.0000 1.000   0.3972   0.0115  0.133 0.192 0.094  0.422
  189  0.0000 1.000   0.3951   0.0114  0.214 0.264 0.162  0.268
  190  0.0000 1.000   0.3911   0.0114  0.124 0.170 0.077  0.306
  191  0.0000 1.000   0.3823   0.0112  0.261 0.321 0.163  0.205
  192  0.0000 1.000   0.3784   0.0112  0.179 0.200 0.089  0.299
  193  0.0000 1.000   0.3772   0.0112  0.129 0.171 0.141  0.363
  194  0.0000 1.000   0.3763   0.0112  0.178 0.230 0.180  0.328
  195  0.0000 1.000   0.3719   0.0111  0.159 0.198 0.168  0.294
  196  0.0000 1.000   0.3639    0.011  0.174 0.239 0.130  0.261
  197  0.0000 1.000   0.3615   0.0109  0.123 0.177 0.098  0.396
  198  0.0000 1.000   0.3496   0.0108  0.213 0.260 0.171  0.256
  199  0.0000 1.000    0.349   0.0107  0.227 0.275 0.170  0.195
  200  0.0000 1.000    0.341   0.0106  0.017 0.024 0.019  0.473
  201  0.0000 1.000   0.3392   0.0106  0.130 0.156 0.091  0.262
  202  0.0000 1.000   0.3329   0.0105  0.068 0.091 0.037  0.409
  203  0.0000 1.000   0.3257   0.0104  0.155 0.183 0.109  0.188
  204  0.0000 1.000   0.3212   0.0103  0.110 0.134 0.099  0.225
  205  0.0000 1.000   0.3162   0.0102  0.135 0.184 0.080  0.341
  206  0.0000 1.000   0.3138   0.0102  0.120 0.145 0.098  0.225
  207  0.0000 1.000   0.3083   0.0101  0.127 0.163 0.071  0.269
  208  0.0000 1.000   0.2986  0.00994  0.115 0.156 0.088  0.259
  209  0.0000 1.000   0.2956  0.00989  0.056 0.083 0.031  0.418
  210  0.0000 1.000   0.2955  0.00989  0.093 0.120 0.075  0.252
  211  0.0000 1.000   0.2947  0.00988  0.121 0.154 0.110  0.187
  212  0.0000 1.000   0.2942  0.00987  0.123 0.186 0.081  0.375
  213  0.0000 1.000    0.289  0.00978  0.084 0.114 0.056  0.344
  214  0.0000 1.000   0.2842   0.0097  0.065 0.091 0.033  0.337
  215  0.0000 1.000   0.2829  0.00968  0.035 0.037 0.038  0.320
  216  0.0000 1.000   0.2793  0.00961  0.026 0.033 0.017  0.398
  217  0.0000 1.000   0.2774  0.00958  0.068 0.076 0.068  0.251
  218  0.0000 1.000   0.2707  0.00946  0.080 0.084 0.059  0.258
  219  0.0000 1.000   0.2673   0.0094  0.098 0.115 0.093  0.285
  220  0.0000 1.000   0.2631  0.00933  0.203 0.244 0.181  0.186
  221  0.0000 1.000   0.2608  0.00929  0.184 0.216 0.168  0.214
  222  0.0000 1.000   0.2533  0.00915  0.042 0.061 0.043  0.426
  223  0.0000 1.000   0.2511  0.00911  0.050 0.063 0.049  0.290
  224  0.0000 1.000   0.2481  0.00906  0.055 0.066 0.074  0.416
  225  0.0000 1.000   0.2457  0.00902  0.121 0.137 0.109  0.252
  226  0.0000 1.000   0.2429  0.00897  0.123 0.158 0.122  0.201
  227  0.0000 1.000    0.238  0.00888  0.024 0.027 0.021  0.372
  228  0.0000 1.000   0.2325  0.00877  0.128 0.167 0.150  0.236
  229  0.0000 1.000   0.2317  0.00876  0.056 0.063 0.048  0.262
  230  0.0000 1.000   0.2301  0.00873  0.053 0.072 0.022  0.437
  231  0.0000 1.000   0.2254  0.00864  0.103 0.123 0.094  0.184
  232  0.0000 1.000   0.2197  0.00853  0.103 0.114 0.064  0.209
  233  0.0000 1.000   0.2197  0.00853  0.089 0.103 0.092  0.186
  234  0.0000 1.000   0.2184   0.0085  0.155 0.185 0.110  0.185
  235  0.0000 1.000   0.2171  0.00848  0.033 0.042 0.015  0.483
  236  0.0000 1.000    0.214  0.00841  0.144 0.176 0.166  0.314
  237  0.0000 1.000   0.2134   0.0084  0.025 0.022 0.008  0.468
  238  0.0000 1.000   0.2106  0.00835  0.033 0.047 0.056  0.283
  239  0.0000 1.000   0.2095  0.00833  0.156 0.202 0.189  0.166
  240  0.0000 1.000   0.2059  0.00825  0.037 0.052 0.039  0.306
  241  0.0000 1.000   0.2046  0.00823  0.048 0.056 0.041  0.323
  242  0.0000 1.000   0.2023  0.00818  0.056 0.063 0.068  0.269
  243  0.0000 1.000   0.2023  0.00818  0.099 0.119 0.072  0.260
  244  0.0000 1.000   0.1985  0.00811  0.075 0.079 0.073  0.186
  245  0.0000 1.000   0.1985   0.0081  0.051 0.069 0.025  0.331
  246  0.0000 1.000   0.1963  0.00806  0.021 0.026 0.020  0.340
  247  0.0000 1.000   0.1922  0.00797  0.025 0.023 0.016  0.297
  248  0.0000 1.000   0.1918  0.00797  0.060 0.065 0.042  0.262
  249  0.0000 1.000   0.1898  0.00792  0.063 0.081 0.066  0.229
  250  0.0000 1.000   0.1879  0.00789  0.060 0.075 0.079  0.204
  251  0.0000 1.000   0.1845  0.00781  0.050 0.066 0.019  0.299
  252  0.0000 1.000   0.1803  0.00772  0.095 0.130 0.071  0.198
  253  0.0000 1.000   0.1759  0.00763  0.059 0.066 0.085  0.372
  254  0.0000 1.000   0.1736  0.00758  0.078 0.086 0.080  0.217
  255  0.0000 1.000   0.1709  0.00752  0.016 0.016 0.019  0.296
  256  0.0000 1.000   0.1708  0.00752  0.107 0.144 0.148  0.262
  257  0.0000 1.000   0.1693  0.00748  0.073 0.097 0.071  0.286
  258  0.0000 1.000   0.1684  0.00746  0.051 0.068 0.077  0.298
  259  0.0000 1.000   0.1666  0.00743  0.131 0.131 0.074  0.197
  260  0.0000 1.000   0.1654   0.0074  0.147 0.150 0.091  0.180
  261  0.0000 1.000   0.1633  0.00735  0.091 0.127 0.107  0.280
  262  0.0000 1.000   0.1627  0.00734  0.042 0.048 0.038  0.301
  263  0.0000 1.000   0.1614  0.00731  0.100 0.128 0.113  0.289
  264  0.0000 1.000   0.1608   0.0073  0.037 0.047 0.051  0.276
  265  0.0000 1.000   0.1603  0.00728  0.015 0.017 0.011  0.448
  266  0.0000 1.000   0.1582  0.00724  0.067 0.076 0.050  0.185
  267  0.0000 1.000   0.1532  0.00712  0.026 0.035 0.020  0.364
  268  0.0000 1.000   0.1517  0.00709  0.044 0.058 0.063  0.282
  269  0.0000 1.000   0.1512  0.00707  0.031 0.020 0.029  0.274
  270  0.0000 1.000   0.1477  0.00699  0.024 0.027 0.020  0.277
  271  0.0000 1.000   0.1403  0.00681  0.046 0.059 0.054  0.232
  272  0.0000 1.000     0.14  0.00681  0.098 0.120 0.112  0.172
  273  0.0000 1.000   0.1391  0.00678  0.038 0.049 0.060  0.227
  274  0.0000 1.000    0.139  0.00678  0.111 0.146 0.128  0.194
  275  0.0000 1.000   0.1348  0.00668  0.073 0.099 0.078  0.229
  276  0.0000 1.000   0.1339  0.00666  0.041 0.061 0.065  0.271
  277  0.0000 1.000    0.132  0.00661  0.053 0.072 0.034  0.225
  278  0.0000 1.000   0.1296  0.00655  0.056 0.079 0.030  0.246
  279  0.0000 1.000   0.1292  0.00654  0.087 0.109 0.054  0.212
  280  0.0000 1.000   0.1264  0.00647  0.098 0.110 0.124  0.189
  281  0.0000 1.000   0.1247  0.00642  0.039 0.056 0.050  0.208
  282  0.0000 1.000   0.1241  0.00641  0.018 0.023 0.019  0.274
  283  0.0000 1.000   0.1225  0.00637  0.044 0.049 0.058  0.255
  284  0.0000 1.000   0.1206  0.00632  0.059 0.080 0.046  0.214
  285  0.0000 1.000   0.1198   0.0063  0.025 0.039 0.044  0.326
  286  0.0000 1.000   0.1161   0.0062  0.018 0.025 0.011  0.355
  287  0.0000 1.000   0.1152  0.00617  0.052 0.066 0.033  0.148
  288  0.0000 1.000   0.1131  0.00612  0.012 0.020 0.010  0.283
  289  0.0000 1.000    0.113  0.00612  0.036 0.047 0.032  0.240
  290  0.0000 1.000   0.1109  0.00606  0.088 0.103 0.100  0.190
  291  0.0000 1.000   0.1105  0.00605  0.059 0.082 0.075  0.224
  292  0.0000 1.000    0.107  0.00595  0.049 0.067 0.052  0.189
  293  0.0000 1.000    0.106  0.00592  0.143 0.210 0.129  0.108
  294  0.0000 1.000   0.1056  0.00591  0.090 0.133 0.103  0.230
  295  0.0000 1.000   0.1043  0.00588  0.083 0.121 0.069  0.182
  296  0.0000 1.000   0.1029  0.00583  0.031 0.030 0.028  0.212
  297  0.0000 1.000   0.1021  0.00581  0.039 0.051 0.014  0.280
  298  0.0000 1.000   0.1004  0.00576  0.036 0.048 0.019  0.258
  299  0.0000 1.000  0.09893  0.00572  0.108 0.158 0.124  0.191
  300  0.0000 1.000  0.09704  0.00567  0.090 0.126 0.148  0.243
  301  0.0000 1.000   0.0923  0.00553  0.029 0.036 0.036  0.234
  302  0.0000 1.000  0.09064  0.00548  0.017 0.027 0.018  0.239
  303  0.0000 1.000  0.08893  0.00542  0.011 0.018 0.010  0.446
  304  0.0000 1.000   0.0873  0.00537  0.059 0.072 0.090  0.223
  305  0.0000 1.000  0.08706  0.00537  0.041 0.060 0.035  0.194
  306  0.0000 1.000  0.08499   0.0053  0.036 0.045 0.042  0.176
  307  0.0000 1.000  0.08478   0.0053  0.042 0.052 0.029  0.162
  308  0.0000 1.000  0.08394  0.00527  0.075 0.098 0.060  0.169
  309  0.0000 1.000  0.08382  0.00527  0.039 0.053 0.030  0.254
  310  0.0000 1.000  0.08308  0.00524  0.036 0.044 0.055  0.310
  311  0.0000 1.000  0.08161   0.0052  0.070 0.082 0.040  0.153
  312  0.0000 1.000  0.08157   0.0052  0.015 0.013 0.013  0.213
  313  0.0000 1.000  0.08145  0.00519  0.013 0.019 0.019  0.256
  314  0.0000 1.000  0.08046  0.00516  0.039 0.054 0.043  0.199
  315  0.0000 1.000  0.08015  0.00515  0.051 0.048 0.047  0.168
  316  0.0000 1.000  0.08004  0.00515  0.049 0.056 0.060  0.148
  317  0.0000 1.000  0.07906  0.00511  0.016 0.024 0.017  0.323
  318  0.0000 1.000  0.07854   0.0051  0.057 0.070 0.074  0.259
  319  0.0000 1.000  0.07479  0.00497  0.038 0.047 0.075  0.168
  320  0.0000 1.000  0.07427  0.00496  0.054 0.072 0.039  0.262
  321  0.0000 1.000  0.07341  0.00493  0.023 0.029 0.024  0.173
  322  0.0000 1.000  0.07241   0.0049  0.041 0.044 0.048  0.168
  323  0.0000 1.000  0.07227  0.00489  0.044 0.061 0.063  0.157
  324  0.0000 1.000  0.07118  0.00485  0.021 0.028 0.037  0.205
  325  0.0000 1.000  0.06959   0.0048  0.049 0.062 0.060  0.118
  326  0.0000 1.000  0.06875  0.00477  0.017 0.021 0.010  0.310
  327  0.0000 1.000   0.0678  0.00474  0.055 0.069 0.057  0.167
  328  0.0000 1.000   0.0674  0.00472  0.023 0.024 0.015  0.283
  329  0.0000 1.000  0.06698  0.00471  0.041 0.056 0.043  0.152
  330  0.0000 1.000  0.06667   0.0047  0.064 0.076 0.079  0.113
  331  0.0000 1.000   0.0665  0.00469  0.034 0.032 0.020  0.163
  332  0.0000 1.000   0.0652  0.00465  0.061 0.064 0.051  0.128
  333  0.0000 1.000  0.06427  0.00461  0.080 0.102 0.094  0.137
  334  0.0000 1.000  0.06395   0.0046  0.072 0.104 0.098  0.209
  335  0.0000 1.000  0.06385   0.0046  0.078 0.111 0.097  0.151
  336  0.0000 1.000  0.06293  0.00456  0.092 0.106 0.060  0.123
  337  0.0000 1.000  0.06282  0.00456  0.007 0.010 0.009  0.276
  338  0.0000 1.000  0.06186  0.00452  0.055 0.073 0.039  0.204
  339  0.0000 1.000  0.06167  0.00452  0.032 0.024 0.017  0.216
  340  0.0000 1.000  0.05934  0.00443  0.132 0.161 0.097  0.093
  341  0.0000 1.000   0.0592  0.00443  0.126 0.156 0.126  0.107
  342  0.0000 1.000  0.05771  0.00437  0.040 0.063 0.100  0.190
  343  0.0000 1.000  0.05732  0.00436  0.008 0.010 0.008  0.249
  344  0.0000 1.000  0.05713  0.00435  0.043 0.046 0.024  0.140
  345  0.0000 1.000  0.05675  0.00433  0.021 0.018 0.009  0.292
  346  0.0000 1.000  0.05647  0.00432  0.117 0.138 0.101  0.110
  347  0.0000 1.000  0.05478  0.00426  0.062 0.083 0.062  0.155
  348  0.0000 1.000  0.05401  0.00423  0.030 0.040 0.049  0.164
  349  0.0000 1.000  0.05394  0.00422  0.043 0.042 0.021  0.139
  350  0.0000 1.000  0.05381  0.00422  0.062 0.093 0.075  0.187
  351  0.0000 1.000  0.05304  0.00419  0.010 0.014 0.016  0.381
  352  0.0000 1.000  0.05292  0.00418  0.066 0.103 0.087  0.160
  353  0.0000 1.000  0.05166  0.00413  0.024 0.034 0.025  0.155
  354  0.0000 1.000  0.05078   0.0041  0.062 0.089 0.078  0.155
  355  0.0000 1.000  0.05059  0.00409  0.016 0.022 0.014  0.311
  356  0.0000 1.000  0.05005  0.00407  0.052 0.057 0.046  0.236
  357  0.0000 1.000  0.04951  0.00405  0.107 0.128 0.093  0.117
  358  0.0000 1.000  0.04895  0.00402  0.102 0.112 0.093  0.108
  359  0.0000 1.000   0.0487  0.00401  0.082 0.121 0.068  0.134
  360  0.0000 1.000  0.04814  0.00399  0.050 0.045 0.054  0.117
  361  0.0000 1.000   0.0476  0.00397  0.016 0.015 0.018  0.230
  362  0.0000 1.000  0.04707  0.00395  0.091 0.133 0.138  0.104
  363  0.0000 1.000   0.0469  0.00394  0.049 0.069 0.049  0.130
  364  0.0000 1.000  0.04651  0.00392  0.023 0.025 0.017  0.189
  365  0.0000 1.000  0.04559  0.00388  0.102 0.138 0.150  0.101
  366  0.0000 1.000  0.04497  0.00386  0.121 0.159 0.098  0.113
  367  0.0000 1.000  0.04463  0.00384  0.108 0.140 0.095  0.109
  368  0.0000 1.000  0.04379  0.00381  0.042 0.055 0.064  0.129
  369  0.0000 1.000  0.04295  0.00377  0.026 0.022 0.027  0.134
  370  0.0000 1.000  0.04275  0.00376  0.074 0.104 0.047  0.173
  371  0.0000 1.000   0.0427  0.00376  0.039 0.053 0.032  0.168
  372  0.0000 1.000  0.04192  0.00372  0.036 0.033 0.018  0.169
  373  0.0000 1.000  0.04177  0.00372  0.016 0.022 0.021  0.193
  374  0.0000 1.000  0.04174  0.00372  0.016 0.020 0.028  0.184
  375  0.0000 1.000  0.04134   0.0037  0.072 0.091 0.079  0.113
#  376  0.0000 1.000        0      inf  0.003 0.006 0.006  0.321
  377  0.0000 1.000  0.04037  0.00365  0.052 0.059 0.034  0.133
  378  0.0000 1.000  0.04027  0.00365  0.017 0.019 0.022  0.142
  379  0.0000 1.000  0.03984  0.00363  0.056 0.072 0.031  0.135
  380  0.0000 1.000  0.03968  0.00362  0.060 0.069 0.044  0.137
  381  0.0000 1.000  0.03948  0.00361  0.015 0.012 0.007  0.243
  382  0.0000 1.000  0.03925   0.0036  0.077 0.093 0.040  0.136
  383  0.0000 1.000  0.03917   0.0036  0.036 0.052 0.023  0.167
  384  0.0000 1.000  0.03877  0.00358  0.040 0.055 0.090  0.116
  385  0.0000 1.000  0.03874  0.00358  0.050 0.054 0.031  0.145
  386  0.0000 1.000  0.03849  0.00357  0.029 0.039 0.057  0.125
  387  0.0000 1.000    0.038  0.00355  0.046 0.057 0.025  0.165
  388  0.0000 1.000  0.03746  0.00352  0.029 0.033 0.028  0.130
  389  0.0000 1.000  0.03724  0.00351  0.053 0.050 0.051  0.117
  390  0.0000 1.000   0.0365  0.00348  0.048 0.049 0.037  0.133
  391  0.0000 1.000  0.03587  0.00345  0.035 0.045 0.029  0.149
  392  0.0000 1.000  0.03585  0.00344  0.041 0.053 0.048  0.103
  393  0.0000 1.000  0.03579  0.00344  0.018 0.018 0.016  0.189
  394  0.0000 1.000  0.03566  0.00344  0.005 0.009 0.006  0.331
  395  0.0000 1.000  0.03521  0.00341  0.032 0.025 0.025  0.165
  396  0.0000 1.000  0.03409  0.00336  0.011 0.005 0.006  0.199
  397  0.0000 1.000  0.03403  0.00336  0.026 0.039 0.018  0.199
  398  0.0000 1.000  0.03399  0.00335  0.036 0.048 0.020  0.189
  399  0.0000 1.000  0.03392  0.00335  0.013 0.021 0.018  0.183
  400  0.0000 1.000  0.03378  0.00334  0.014 0.021 0.010  0.295
  401  0.0000 1.000  0.03332  0.00332  0.037 0.045 0.048  0.108
  402  0.0000 1.000  0.03309  0.00331  0.016 0.021 0.013  0.286
  403  0.0000 1.000   0.0328  0.00329  0.021 0.024 0.022  0.196
  404  0.0000 1.000  0.03257  0.00328  0.054 0.080 0.042  0.126
  405  0.0000 1.000  0.03245  0.00328  0.031 0.027 0.011  0.253
  406  0.0000 1.000  0.03224  0.00327  0.044 0.047 0.032  0.099
  407  0.0000 1.000  0.03162  0.00323  0.008 0.011 0.012  0.240
  408  0.0000 1.000  0.03142  0.00322  0.026 0.035 0.032  0.205
  409  0.0000 1.000  0.03135  0.00322  0.015 0.027 0.023  0.234
  410  0.0000 1.000  0.03131  0.00322  0.007 0.010 0.009  0.247
  411  0.0000 1.000  0.03104   0.0032  0.019 0.022 0.017  0.211
  412  0.0000 1.000  0.03056  0.00318  0.053 0.050 0.049  0.106
  413  0.0000 1.000  0.03037  0.00317  0.019 0.030 0.009  0.232
  414  0.0000 1.000  0.03018  0.00316  0.052 0.073 0.062  0.116
  415  0.0000 1.000  0.02998  0.00315  0.046 0.061 0.028  0.125
  416  0.0000 1.000  0.02989  0.00314  0.022 0.032 0.032  0.149
  417  0.0000 1.000  0.02941  0.00312  0.046 0.059 0.070  0.083
  418  0.0000 1.000  0.02919  0.00311  0.041 0.051 0.039  0.150
  419  0.0000 1.000  0.02898   0.0031  0.052 0.067 0.034  0.101
  420  0.0000 1.000   0.0288  0.00309  0.056 0.074 0.090  0.122
  421  0.0000 1.000  0.02878  0.00309  0.008 0.014 0.006  0.222
  422  0.0000 1.000  0.02831  0.00306  0.058 0.096 0.073  0.151
  423  0.0000 1.000  0.02817  0.00305  0.055 0.072 0.059  0.118
  424  0.0000 1.000  0.02799  0.00304  0.064 0.082 0.090  0.082
  425  0.0000 1.000  0.02789  0.00304  0.034 0.046 0.040  0.110
  426  0.0000 1.000  0.02764  0.00302  0.108 0.132 0.105  0.076
  427  0.0000 1.000  0.02746  0.00301  0.056 0.079 0.041  0.110
  428  0.0000 1.000  0.02737  0.00301  0.075 0.099 0.072  0.087
  429  0.0000 1.000  0.02668  0.00297  0.052 0.059 0.042  0.123
  430  0.0000 1.000  0.02661  0.00297  0.068 0.082 0.092  0.099
  431  0.0000 1.000  0.02647  0.00296  0.028 0.046 0.020  0.189
  432  0.0000 1.000  0.02622  0.00295  0.046 0.057 0.028  0.166
  433  0.0000 1.000  0.02607  0.00294  0.024 0.032 0.019  0.129
  434  0.0000 1.000  0.02575  0.00292  0.018 0.024 0.059  0.144
  435  0.0000 1.000  0.02574  0.00292  0.065 0.082 0.070  0.098
  436  0.0000 1.000  0.02574  0.00292  0.028 0.039 0.036  0.138
  437  0.0000 1.000   0.0257  0.00292  0.010 0.015 0.015  0.267
  438  0.0000 1.000    0.025  0.00288  0.036 0.032 0.021  0.158
  439  0.0000 1.000  0.02483  0.00287  0.031 0.042 0.026  0.179
  440  0.0000 1.000  0.02478  0.00286  0.014 0.018 0.018  0.202
  441  0.0000 1.000  0.02447  0.00285  0.030 0.045 0.033  0.101
  442  0.0000 1.000  0.02439  0.00284  0.013 0.023 0.013  0.163
  443  0.0000 1.000  0.02428  0.00283  0.035 0.050 0.051  0.091
  444  0.0000 1.000  0.02424  0.00283  0.036 0.067 0.050  0.097
  445  0.0000 1.000  0.02413  0.00283  0.010 0.013 0.015  0.252
  446  0.0000 1.000  0.02374   0.0028  0.024 0.022 0.036  0.151
  447  0.0000 1.000  0.02366   0.0028  0.013 0.020 0.008  0.185
  448  0.0000 1.000   0.0236  0.00279  0.024 0.027 0.027  0.125
  449  0.0000 1.000  0.02328  0.00278  0.022 0.026 0.027  0.169
  450  0.0000 1.000  0.02316  0.00277  0.010 0.020 0.015  0.196
  451  0.0000 1.000  0.02278  0.00275  0.007 0.015 0.010  0.282
  452  0.0000 1.000  0.02277  0.00274  0.042 0.059 0.059  0.110
  453  0.0000 1.000  0.02261  0.00274  0.012 0.015 0.012  0.148
  454  0.0000 1.000  0.02228  0.00272  0.038 0.041 0.031  0.142
  455  0.0000 1.000  0.02187  0.00269  0.042 0.065 0.048  0.110
#  456  0.0000 1.000        0      inf  0.002 0.006 0.006  0.385
  457  0.0000 1.000  0.02157  0.00267  0.042 0.063 0.051  0.123
  458  0.0000 1.000  0.02117  0.00265  0.024 0.036 0.025  0.147
  459  0.0000 1.000  0.02115  0.00265  0.016 0.026 0.011  0.135
  460  0.0000 1.000   0.0206  0.00261  0.061 0.075 0.067  0.101
  461  0.0000 1.000  0.02059  0.00261  0.050 0.053 0.041  0.079
  462  0.0000 1.000   0.0204   0.0026  0.022 0.046 0.023  0.207
  463  0.0000 1.000  0.02022  0.00259  0.022 0.037 0.025  0.167
  464  0.0000 1.000  0.02015  0.00258  0.043 0.067 0.074  0.111
  465  0.0000 1.000  0.02007  0.00258  0.030 0.061 0.027  0.144
  466  0.0000 1.000  0.02007  0.00258  0.014 0.015 0.009  0.180
  467  0.0000 1.000  0.02004  0.00258  0.031 0.050 0.035  0.131
  468  0.0000 1.000  0.01978  0.00256  0.034 0.045 0.050  0.103
  469  0.0000 1.000  0.01972  0.00255  0.009 0.019 0.013  0.193
  470  0.0000 1.000   0.0195  0.00254  0.013 0.015 0.011  0.105
  471  0.0000 1.000  0.01948  0.00254  0.035 0.041 0.062  0.108
  472  0.0000 1.000  0.01932  0.00253  0.041 0.053 0.027  0.096
  473  0.0000 1.000  0.01904  0.00251  0.022 0.028 0.037  0.160
  474  0.0000 1.000  0.01883   0.0025  0.023 0.035 0.013  0.174
  475  0.0000 1.000  0.01875  0.00249  0.020 0.028 0.023  0.137
  476  0.0000 1.000  0.01869  0.00249  0.024 0.036 0.031  0.118
  477  0.0000 1.000  0.01858  0.00248  0.015 0.025 0.019  0.163
  478  0.0000 1.000  0.01846  0.00247  0.052 0.076 0.044  0.113
  479  0.0000 1.000   0.0183  0.00246  0.041 0.059 0.026  0.149
  480  0.0000 1.000  0.01804  0.00244  0.024 0.022 0.017  0.115
  481  0.0000 1.000  0.01786  0.00243  0.023 0.022 0.021  0.114
  482  0.0000 1.000  0.01781  0.00243  0.010 0.019 0.016  0.160
  483  0.0000 1.000   0.0176  0.00241  0.027 0.040 0.019  0.144
  484  0.0000 1.000   0.0175  0.00241  0.018 0.024 0.018  0.135
  485  0.0000 1.000  0.01733  0.00239  0.016 0.023 0.008  0.186
  486  0.0000 1.000  0.01717  0.00238  0.026 0.034 0.037  0.141
  487  0.0000 1.000  0.01708  0.00238  0.023 0.026 0.039  0.121
  488  0.0000 1.000   0.0167  0.00235  0.006 0.017 0.015  0.242
  489  0.0000 1.000  0.01658  0.00234  0.026 0.034 0.039  0.104
  490  0.0000 1.000  0.01637  0.00233  0.034 0.050 0.043  0.099
  491  0.0000 1.000  0.01628  0.00232  0.038 0.054 0.048  0.109
  492  0.0000 1.000  0.01615  0.00231  0.027 0.036 0.022  0.132
  493  0.0000 1.000  0.01608  0.00231  0.025 0.028 0.033  0.113
  494  0.0000 1.000  0.01601   0.0023  0.034 0.048 0.035  0.117
  495  0.0000 1.000    0.016   0.0023  0.035 0.040 0.033  0.137
  496  0.0000 1.000  0.01589  0.00229  0.015 0.026 0.018  0.176
  497  0.0000 1.000  0.01569  0.00228  0.024 0.021 0.025  0.119
  498  0.0000 1.000   0.0156  0.00227  0.025 0.029 0.032  0.105
  499  0.0000 1.000  0.01524  0.00225  0.021 0.034 0.035  0.139
  500  0.0000 1.000  0.01503  0.00223  0.004 0.010 0.005  0.249
  501  0.0000 1.000  0.01499  0.00223  0.017 0.018 0.015  0.112
  502  0.0000 1.000  0.01413  0.00216  0.013 0.023 0.014  0.148
  503  0.0000 1.000  0.01411  0.00216  0.014 0.011 0.009  0.127
  504  0.0000 1.000  0.01411  0.00216  0.006 0.008 0.011  0.150
  505  0.0000 1.000   0.0141  0.00216  0.014 0.018 0.024  0.127
  506  0.0000 1.000  0.01325  0.00209  0.006 0.010 0.013  0.216
  507  0.0000 1.000   0.0132  0.00209  0.022 0.027 0.034  0.076
  508  0.0000 1.000  0.01312  0.00208  0.023 0.020 0.021  0.070
  509  0.0000 1.000  0.01279  0.00206  0.016 0.025 0.025  0.115
  510  0.0000 1.000  0.01277  0.00206  0.018 0.027 0.018  0.082
  511  0.0000 1.000  0.01277  0.00206  0.014 0.027 0.025  0.123
  512  0.0000 1.000  0.01269  0.00205  0.017 0.023 0.017  0.133
  513  0.0000 1.000  0.01234  0.00202  0.008 0.013 0.010  0.107
  514  0.0000 1.000  0.01213    0.002  0.035 0.052 0.033  0.080
  515  0.0000 1.000  0.01209    0.002  0.023 0.030 0.025  0.145
  516  0.0000 1.000  0.01205    0.002  0.009 0.020 0.015  0.156
  517  0.0000 1.000  0.01204    0.002  0.027 0.042 0.045  0.091
  518  0.0000 1.000  0.01194  0.00199  0.010 0.008 0.009  0.132
  519  0.0000 1.000   0.0118  0.00198  0.030 0.048 0.039  0.076
  520  0.0000 1.000  0.01165  0.00196  0.028 0.043 0.031  0.118
  521  0.0000 1.000  0.01154  0.00195  0.023 0.033 0.030  0.109
  522  0.0000 1.000  0.01137  0.00194  0.011 0.014 0.012  0.163
  523  0.0000 1.000  0.01119  0.00192  0.010 0.014 0.013  0.151
  524  0.0000 1.000  0.01114  0.00192  0.022 0.030 0.031  0.083
  525  0.0000 1.000  0.01099  0.00191  0.014 0.016 0.021  0.130
  526  0.0000 1.000  0.01071  0.00188  0.006 0.011 0.011  0.162
  527  0.0000 1.000  0.01069  0.00188  0.016 0.023 0.021  0.125
  528  0.0000 1.000  0.01065  0.00188  0.033 0.044 0.038  0.082
  529  0.0000 1.000  0.01052  0.00187  0.021 0.032 0.021  0.129
  530  0.0000 1.000   0.0105  0.00186  0.020 0.026 0.023  0.106
  531  0.0000 1.000  0.01044  0.00186  0.010 0.014 0.013  0.148
  532  0.0000 1.000  0.01029  0.00185  0.014 0.016 0.018  0.103
  533  0.0000 1.000  0.01016  0.00183  0.015 0.027 0.019  0.102
  534  0.0000 1.000  0.01014  0.00183  0.014 0.015 0.017  0.138
  535  0.0000 1.000  0.01011  0.00183  0.006 0.013 0.009  0.176
  536  0.0000 1.000  0.01008  0.00183  0.011 0.021 0.013  0.165
  537  0.0000 1.000  0.01002  0.00182  0.004 0.011 0.008  0.181
  538  0.0000 1.000  0.009992  0.00182  0.011 0.012 0.015  0.121
  539  0.0000 1.000  0.009878  0.00181  0.014 0.019 0.025  0.105
  540  0.0000 1.000  0.009834   0.0018  0.022 0.030 0.026  0.089
  541  0.0000 1.000  0.009648  0.00179  0.021 0.022 0.017  0.114
  542  0.0000 1.000  0.009504  0.00177  0.011 0.019 0.016  0.107
  543  0.0000 1.000  0.009389  0.00176  0.007 0.019 0.014  0.172
  544  0.0000 1.000  0.009278  0.00175  0.042 0.051 0.052  0.080
  545  0.0000 1.000  0.009249  0.00175  0.015 0.017 0.021  0.106
  546  0.0000 1.000  0.009154  0.00174  0.006 0.009 0.010  0.165
  547  0.0000 1.000  0.009072  0.00173  0.009 0.016 0.015  0.109
  548  0.0000 1.000  0.008989  0.00172  0.021 0.038 0.034  0.102
  549  0.0000 1.000  0.008858  0.00171  0.031 0.041 0.037  0.079
  550  0.0000 1.000  0.008845  0.00171  0.023 0.027 0.030  0.106
  551  0.0000 1.000  0.008789  0.00171  0.009 0.015 0.011  0.139
  552  0.0000 1.000  0.008629  0.00169  0.015 0.021 0.026  0.090
  553  0.0000 1.000  0.008416  0.00167  0.028 0.040 0.045  0.081
  554  0.0000 1.000  0.008384  0.00167  0.007 0.011 0.009  0.169
  555  0.0000 1.000  0.008168  0.00164  0.032 0.036 0.034  0.067
  556  0.0000 1.000  0.00799  0.00163  0.010 0.012 0.015  0.114
  557  0.0000 1.000  0.007978  0.00162  0.024 0.021 0.027  0.089
  558  0.0000 1.000  0.007966  0.00162  0.014 0.019 0.023  0.114
  559  0.0000 1.000  0.007917  0.00162  0.022 0.032 0.025  0.097
  560  0.0000 1.000  0.007844  0.00161  0.033 0.049 0.046  0.080
  561  0.0000 1.000  0.007841  0.00161  0.015 0.028 0.012  0.146
  562  0.0000 1.000  0.007589  0.00158  0.013 0.016 0.016  0.088
  563  0.0000 1.000  0.007571  0.00158  0.009 0.013 0.014  0.104
  564  0.0000 1.000  0.007518  0.00158  0.022 0.040 0.031  0.085
  565  0.0000 1.000  0.007515  0.00158  0.040 0.044 0.050  0.074
  566  0.0000 1.000  0.007441  0.00157  0.010 0.019 0.017  0.103
  567  0.0000 1.000  0.007433  0.00157  0.013 0.018 0.016  0.110
  568  0.0000 1.000  0.007423  0.00157  0.012 0.014 0.033  0.078
  569  0.0000 1.000  0.007396  0.00156  0.039 0.046 0.047  0.059
  570  0.0000 1.000  0.007388  0.00156  0.026 0.029 0.028  0.071
  571  0.0000 1.000  0.007263  0.00155  0.017 0.031 0.026  0.102
  572  0.0000 1.000  0.007117  0.00153  0.020 0.032 0.030  0.129
  573  0.0000 1.000  0.007108  0.00153  0.009 0.013 0.012  0.129
  574  0.0000 1.000  0.007026  0.00152  0.018 0.024 0.022  0.072
  575  0.0000 1.000  0.007011  0.00152  0.015 0.027 0.020  0.108
  576  0.0000 1.000  0.006955  0.00152  0.018 0.029 0.022  0.099
  577  0.0000 1.000  0.006855  0.00151  0.018 0.023 0.022  0.065
  578  0.0000 1.000  0.006847  0.00151  0.011 0.017 0.018  0.109
  579  0.0000 1.000  0.006689  0.00149  0.004 0.005 0.008  0.098
  580  0.0000 1.000  0.006641  0.00148  0.021 0.035 0.033  0.087
  581  0.0000 1.000  0.006609  0.00148  0.019 0.025 0.022  0.086
  582  0.0000 1.000  0.006584  0.00148  0.016 0.026 0.026  0.090
  583  0.0000 1.000  0.006512  0.00147  0.012 0.014 0.021  0.079
  584  0.0000 1.000  0.006453  0.00146  0.028 0.042 0.051  0.070
  585  0.0000 1.000  0.006393  0.00145  0.026 0.040 0.041  0.070
  586  0.0000 1.000  0.006392  0.00145  0.034 0.048 0.056  0.076
  587  0.0000 1.000  0.006368  0.00145  0.006 0.015 0.013  0.103
  588  0.0000 1.000  0.006304  0.00144  0.023 0.037 0.034  0.081
  589  0.0000 1.000  0.006292  0.00144  0.009 0.015 0.010  0.108
  590  0.0000 1.000  0.006165  0.00143  0.031 0.064 0.050  0.074
  591  0.0000 1.000  0.006041  0.00141  0.016 0.027 0.019  0.089
  592  0.0000 1.000  0.005985  0.00141  0.014 0.022 0.025  0.079
  593  0.0000 1.000  0.005852  0.00139  0.013 0.014 0.016  0.093
  594  0.0000 1.000  0.005844  0.00139  0.011 0.015 0.016  0.100
  595  0.0000 1.000  0.005784  0.00138  0.029 0.040 0.048  0.071
  596  0.0000 1.000  0.005759  0.00138  0.038 0.054 0.054  0.057
  597  0.0000 1.000  0.00575  0.00138  0.018 0.027 0.029  0.080
  598  0.0000 1.000  0.005729  0.00138  0.012 0.019 0.015  0.117
  599  0.0000 1.000  0.005709  0.00137  0.012 0.017 0.022  0.079
  600  0.0000 1.000   0.0057  0.00137  0.004 0.004 0.006  0.133
  601  0.0000 1.000  0.005661  0.00137  0.029 0.032 0.045  0.059
  602  0.0000 1.000  0.005647  0.00137  0.014 0.018 0.016  0.131
  603  0.0000 1.000  0.005647  0.00137  0.008 0.013 0.017  0.098
  604  0.0000 1.000  0.005639  0.00137  0.015 0.028 0.025  0.095
  605  0.0000 1.000  0.005634  0.00137  0.030 0.046 0.046  0.067
  606  0.0000 1.000  0.005564  0.00136  0.023 0.036 0.050  0.076
  607  0.0000 1.000  0.005546  0.00135  0.007 0.009 0.011  0.107
  608  0.0000 1.000  0.005541  0.00135  0.021 0.028 0.037  0.076
  609  0.0000 1.000  0.005529  0.00135  0.029 0.039 0.048  0.058
  610  0.0000 1.000  0.005506  0.00135  0.031 0.039 0.052  0.061
  611  0.0000 1.000  0.005473  0.00135  0.038 0.050 0.061  0.054
  612  0.0000 1.000  0.005434  0.00134  0.024 0.038 0.045  0.089
  613  0.0000 1.000  0.005381  0.00133  0.014 0.020 0.022  0.085
  614  0.0000 1.000  0.005365  0.00133  0.033 0.048 0.061  0.057
  615  0.0000 1.000  0.005363  0.00133  0.020 0.031 0.032  0.087
  616  0.0000 1.000  0.005358  0.00133  0.014 0.020 0.030  0.058
  617  0.0000 1.000  0.005227  0.00132  0.014 0.018 0.028  0.082
  618  0.0000 1.000  0.00521  0.00131  0.027 0.048 0.044  0.080
  619  0.0000 1.000  0.005168  0.00131  0.041 0.062 0.069  0.057
  620  0.0000 1.000  0.005144   0.0013  0.036 0.055 0.061  0.057
  621  0.0000 1.000  0.005139   0.0013  0.024 0.039 0.042  0.060
  622  0.0000 1.000   0.0051   0.0013  0.006 0.012 0.009  0.092
  623  0.0000 1.000  0.005059  0.00129  0.009 0.014 0.013  0.107
  624  0.0000 1.000  0.005036  0.00129  0.025 0.050 0.042  0.075
  625  0.0000 1.000  0.005024  0.00129  0.011 0.020 0.018  0.103
  626  0.0000 1.000  0.004947  0.00128  0.013 0.023 0.024  0.068
  627  0.0000 1.000  0.004937  0.00128  0.028 0.041 0.041  0.054
  628  0.0000 1.000  0.004936  0.00128  0.022 0.038 0.043  0.073
  629  0.0000 1.000  0.004883  0.00127  0.028 0.040 0.044  0.071
  630  0.0000 1.000  0.004839  0.00127  0.020 0.037 0.036  0.063
  631  0.0000 1.000  0.004809  0.00126  0.006 0.014 0.010  0.118
  632  0.0000 1.000  0.004793  0.00126  0.031 0.049 0.051  0.053
  633  0.0000 1.000  0.004764  0.00126  0.014 0.022 0.023  0.075
  634  0.0000 1.000  0.004746  0.00125  0.008 0.010 0.013  0.087
  635  0.0000 1.000  0.004725  0.00125  0.021 0.034 0.043  0.089
  636  0.0000 1.000  0.004661  0.00124  0.027 0.048 0.048  0.077
  637  0.0000 1.000  0.004615  0.00124  0.005 0.007 0.006  0.102
  638  0.0000 1.000  0.004569  0.00123  0.012 0.016 0.020  0.091
  639  0.0000 1.000  0.00449  0.00122  0.014 0.026 0.023  0.090
  640  0.0000 1.000  0.004483  0.00122  0.013 0.027 0.028  0.087
  641  0.0000 1.000  0.004465  0.00122  0.006 0.013 0.009  0.098
  642  0.0000 1.000  0.004457  0.00121  0.031 0.042 0.052  0.062
  643  0.0000 1.000  0.004444  0.00121  0.022 0.044 0.043  0.056
  644  0.0000 1.000  0.004434  0.00121  0.017 0.026 0.023  0.094
  645  0.0000 1.000  0.004418  0.00121  0.012 0.017 0.015  0.096
  646  0.0000 1.000  0.004412  0.00121  0.010 0.017 0.021  0.081
  647  0.0000 1.000  0.004354   0.0012  0.029 0.039 0.054  0.048
  648  0.0000 1.000  0.00423  0.00118  0.012 0.021 0.026  0.068
  649  0.0000 1.000  0.00417  0.00117  0.018 0.036 0.038  0.081
  650  0.0000 1.000  0.004145  0.00117  0.008 0.020 0.012  0.105
  651  0.0000 1.000  0.004117  0.00117  0.015 0.027 0.029  0.064
  652  0.0000 1.000  0.00409  0.00116  0.018 0.035 0.041  0.058
  653  0.0000 1.000  0.004085  0.00116  0.010 0.017 0.014  0.099
  654  0.0000 1.000  0.004062  0.00116  0.013 0.027 0.026  0.096
  655  0.0000 1.000  0.004051  0.00116  0.011 0.018 0.023  0.074
  656  0.0000 1.000  0.00403  0.00115  0.026 0.053 0.051  0.065
  657  0.0000 1.000  0.003849  0.00113  0.020 0.035 0.048  0.049
  658  0.0000 1.000  0.003829  0.00113  0.008 0.016 0.014  0.114
  659  0.0000 1.000  0.003814  0.00112  0.014 0.012 0.029  0.051
  660  0.0000 1.000  0.00376  0.00112  0.022 0.037 0.032  0.057
  661  0.0000 1.000  0.003724  0.00111  0.013 0.022 0.024  0.070
  662  0.0000 1.000  0.003715  0.00111  0.005 0.011 0.011  0.088
  663  0.0000 1.000  0.003667   0.0011  0.016 0.032 0.025  0.066
  664  0.0000 1.000  0.003557  0.00108  0.016 0.030 0.033  0.061
  665  0.0000 1.000  0.003545  0.00108  0.027 0.055 0.057  0.047
  666  0.0000 1.000  0.003501  0.00108  0.013 0.025 0.029  0.074
  667  0.0000 1.000  0.003491  0.00107  0.014 0.034 0.034  0.074
  668  0.0000 1.000  0.003482  0.00107  0.013 0.027 0.033  0.083
  669  0.0000 1.000  0.00339  0.00106  0.007 0.016 0.017  0.100
  670  0.0000 1.000  0.003323  0.00105  0.017 0.034 0.036  0.065
  671  0.0000 1.000  0.003264  0.00104  0.028 0.059 0.062  0.048
  672  0.0000 1.000  0.003259  0.00104  0.016 0.045 0.044  0.049
  673  0.0000 1.000  0.003227  0.00103  0.022 0.044 0.038  0.056
  674  0.0000 1.000  0.003218  0.00103  0.023 0.041 0.042  0.043
#  675  0.0000 1.000        0      inf  0.003 0.008 0.006  0.090
  676  0.0000 1.000  0.003117  0.00102  0.020 0.025 0.039  0.060
  677  0.0000 1.000  0.003098  0.00101  0.016 0.029 0.028  0.064
  678  0.0000 1.000  0.003092  0.00101  0.008 0.026 0.019  0.095
  679  0.0000 1.000  0.003014  0.000999  0.019 0.044 0.041  0.045
  680  0.0000 1.000  0.002992  0.000995  0.009 0.020 0.023  0.063
  681  0.0000 1.000  0.002985  0.000994  0.020 0.043 0.038  0.069
  682  0.0000 1.000  0.002972  0.000992  0.007 0.018 0.015  0.106
  683  0.0000 1.000  0.002945  0.000987  0.018 0.038 0.043  0.055
  684  0.0000 1.000  0.002911  0.000981  0.004 0.006 0.007  0.100
  685  0.0000 1.000  0.002874  0.000975  0.013 0.025 0.025  0.076
  686  0.0000 1.000  0.002866  0.000974  0.015 0.036 0.036  0.057
  687  0.0000 1.000  0.002839  0.000969  0.012 0.027 0.031  0.064
  688  0.0000 1.000  0.002814  0.000965  0.007 0.016 0.015  0.071
  689  0.0000 1.000  0.002812  0.000965  0.013 0.029 0.031  0.066
  690  0.0000 1.000  0.002767  0.000957  0.012 0.021 0.027  0.053
  691  0.0000 1.000  0.002746  0.000953  0.014 0.015 0.033  0.051
  692  0.0000 1.000  0.002723  0.000949  0.020 0.042 0.047  0.057
  693  0.0000 1.000  0.002705  0.000946  0.013 0.033 0.031  0.064
  694  0.0000 1.000  0.002634  0.000934  0.008 0.021 0.020  0.064
  695  0.0000 1.000  0.002626  0.000932  0.008 0.012 0.021  0.056
  696  0.0000 1.000  0.002586  0.000925  0.017 0.036 0.040  0.044
  697  0.0000 1.000  0.002572  0.000923  0.018 0.034 0.029  0.053
  698  0.0000 1.000  0.002467  0.000904  0.015 0.020 0.030  0.056
  699  0.0000 1.000  0.002426  0.000896  0.003 0.010 0.008  0.081
  700  0.0000 1.000  0.00239  0.000889  0.007 0.015 0.015  0.079
  701  0.0000 1.000  0.002352  0.000882  0.009 0.017 0.020  0.062
  702  0.0000 1.000  0.002317  0.000876  0.012 0.026 0.025  0.068
  703  0.0000 1.000  0.002292  0.000871  0.007 0.011 0.020  0.080
  704  0.0000 1.000  0.002244  0.000862  0.005 0.012 0.012  0.093
  705  0.0000 1.000  0.002243  0.000861  0.006 0.010 0.012  0.091
  706  0.0000 1.000  0.002141  0.000842  0.004 0.012 0.010  0.094
  707  0.0000 1.000  0.001452  0.000693  0.006 0.010 0.009  0.066
