# mean= 0.000625 s.d.= 0.00561 thr=0.00031 0.012 SIGMA= 2
#Residue names written in A0A023PXQ4-AFv4A_MIN4.5_ALL_PHIPSIPSI.names.dat
#resi resj coupling
0 1 0.0672
0 2 0.0141
1 2 0.0762
1 3 0.0172
2 3 0.0741
3 4 0.0628
3 5 0.022
4 5 0.0739
4 6 0.0223
4 7 0.0194
5 6 0.104
5 7 0.0301
5 8 0.0209
5 9 0.0155
6 7 0.0734
6 8 0.0184
6 9 0.0258
6 10 0.0163
7 8 0.0842
7 9 0.0275
7 10 0.0322
7 11 0.0139
8 9 0.0746
8 10 0.032
8 11 0.0394
8 12 0.0162
9 10 0.109
9 11 0.0284
9 12 0.0294
9 13 0.0178
10 11 0.0669
10 12 0.0252
10 13 0.0286
10 14 0.0164
11 12 0.0895
11 13 0.0236
11 14 0.0338
11 15 0.0161
12 13 0.0811
12 14 0.0386
12 15 0.0355
12 16 0.0163
13 14 0.0982
13 15 0.0222
13 16 0.0267
13 17 0.0196
14 15 0.0732
14 16 0.0277
14 17 0.0333
14 18 0.0162
15 16 0.0812
15 17 0.0266
15 18 0.038
15 19 0.0153
16 17 0.0998
16 18 0.038
16 19 0.0299
16 20 0.0194
17 18 0.0788
17 19 0.02
17 20 0.0284
17 21 0.0201
18 19 0.0834
18 20 0.0277
18 21 0.0301
18 22 0.0171
19 20 0.0762
19 21 0.0275
19 22 0.0399
19 23 0.0168
20 21 0.111
20 22 0.0331
20 23 0.0275
20 24 0.0187
21 22 0.0703
21 23 0.0217
21 24 0.0292
21 25 0.0197
22 23 0.0895
22 24 0.0263
22 25 0.0377
22 26 0.017
23 24 0.0774
23 25 0.0386
23 26 0.0403
23 27 0.0187
24 25 0.11
24 26 0.0249
24 27 0.0282
24 28 0.023
25 26 0.0692
25 27 0.0258
25 28 0.0311
25 29 0.0205
26 27 0.0877
26 28 0.0244
26 29 0.0387
26 30 0.0186
27 28 0.088
27 29 0.0414
27 30 0.0369
27 31 0.0191
28 29 0.0956
28 30 0.0221
28 31 0.0281
28 32 0.0227
29 30 0.0759
29 31 0.0276
29 32 0.0315
29 33 0.0223
30 31 0.0801
30 32 0.0247
30 33 0.0415
30 34 0.028
31 32 0.102
31 33 0.0393
31 34 0.0271
31 35 0.0241
32 33 0.0823
32 34 0.0151
32 35 0.0157
33 34 0.0806
33 35 0.0234
33 36 0.017
33 37 0.0166
34 35 0.0824
34 36 0.0226
34 37 0.0401
34 38 0.0204
35 36 0.103
35 37 0.0378
35 38 0.0259
35 39 0.0182
36 37 0.0823
36 38 0.0205
36 39 0.0292
36 40 0.0223
37 38 0.0859
37 39 0.0284
37 40 0.0325
37 41 0.0198
38 39 0.0788
38 40 0.0311
38 41 0.0488
38 42 0.0197
39 40 0.115
39 41 0.0358
39 42 0.0302
39 43 0.022
40 41 0.0741
40 42 0.0234
40 43 0.0325
40 44 0.0212
41 42 0.0915
41 43 0.0271
41 44 0.0386
41 45 0.0176
42 43 0.0807
42 44 0.0425
42 45 0.0439
42 46 0.0209
43 44 0.111
43 45 0.0247
43 46 0.0242
43 47 0.0223
44 45 0.0713
44 46 0.0231
44 47 0.0204
44 48 0.0188
45 46 0.0909
45 47 0.0183
45 48 0.0232
46 47 0.082
46 48 0.0388
46 49 0.0215
47 48 0.118
47 49 0.0213
47 50 0.0174
48 49 0.0691
48 50 0.021
48 51 0.0137
49 50 0.0911
49 51 0.0182
49 52 0.0183
50 51 0.0867
50 52 0.0322
51 52 0.12
51 53 0.0165
52 53 0.0834
52 54 0.0232
52 55 0.0127
52 56 0.0258
52 57 0.0164
53 54 0.0983
53 55 0.039
53 56 0.0186
54 55 0.0976
54 56 0.0169
55 56 0.0762
55 57 0.0168
56 57 0.08
56 58 0.0322
56 59 0.0391
56 60 0.014
57 58 0.128
57 59 0.0393
57 60 0.0234
58 59 0.0833
58 60 0.0219
58 61 0.0155
59 60 0.103
59 61 0.0235
59 62 0.0306
59 63 0.0134
60 61 0.0832
60 62 0.0481
60 63 0.0383
61 62 0.123
61 63 0.0282
61 64 0.0184
62 63 0.0866
62 64 0.025
62 65 0.0147
63 64 0.0906
63 65 0.0226
63 66 0.0233
64 65 0.103
64 66 0.0398
64 67 0.0159
65 66 0.114
65 67 0.025
66 67 0.1
66 68 0.019
67 68 0.0944
67 69 0.0256
68 69 0.149
68 70 0.0297
69 70 0.13
69 71 0.0315
69 72 0.0133
70 71 0.142
70 72 0.0427
71 72 0.156
71 73 0.0387
71 74 0.0173
72 73 0.149
72 74 0.0373
73 74 0.132
73 75 0.0382
74 75 0.17
74 76 0.0473
75 76 0.128
75 77 0.038
76 77 0.158
76 78 0.0439
76 93 0.013
77 78 0.125
77 79 0.0286
77 94 0.0147
77 95 0.0179
78 79 0.144
78 80 0.0444
78 81 0.014
78 82 0.0189
78 94 0.0298
78 95 0.0369
78 96 0.0226
78 97 0.0153
79 80 0.171
79 81 0.0492
79 82 0.032
79 95 0.0239
79 96 0.0269
79 97 0.0177
80 81 0.157
80 82 0.0581
80 95 0.0265
80 96 0.0602
80 97 0.0496
80 98 0.0179
81 82 0.17
81 83 0.0309
81 96 0.0214
81 97 0.0375
81 98 0.0231
82 83 0.137
82 84 0.0524
82 96 0.0168
82 97 0.0443
82 98 0.0221
82 99 0.0162
83 84 0.157
83 85 0.0461
83 97 0.0313
83 98 0.0208
83 99 0.0339
83 100 0.0285
84 85 0.154
84 86 0.0612
84 94 0.016
84 97 0.0242
84 99 0.0184
84 100 0.0322
84 101 0.0133
85 86 0.151
85 87 0.0433
85 100 0.0205
85 101 0.018
85 102 0.0158
86 87 0.17
86 88 0.0388
86 89 0.0152
86 90 0.0206
86 92 0.0246
87 88 0.156
87 89 0.0398
87 90 0.025
88 89 0.135
88 90 0.0374
88 91 0.012
89 90 0.149
89 91 0.0429
89 92 0.0146
90 91 0.22
90 92 0.0741
90 93 0.0163
91 92 0.15
91 93 0.0454
92 93 0.172
92 94 0.061
92 110 0.0156
92 111 0.0173
92 112 0.0138
93 94 0.153
93 95 0.0414
93 111 0.0191
93 112 0.0183
93 113 0.0167
94 95 0.164
94 96 0.059
94 97 0.0353
94 111 0.0152
94 112 0.0288
94 113 0.0342
94 114 0.0146
95 96 0.161
95 97 0.0412
95 112 0.014
95 113 0.0318
95 114 0.0152
95 115 0.0159
96 97 0.173
96 98 0.0386
96 99 0.012
96 112 0.0129
96 113 0.0301
96 114 0.0208
96 115 0.0377
96 116 0.0288
97 98 0.157
97 99 0.0623
97 100 0.0341
97 113 0.016
97 114 0.0131
97 115 0.0273
97 116 0.0393
97 117 0.0129
98 99 0.156
98 100 0.0354
98 115 0.017
98 116 0.03
98 118 0.0119
98 119 0.0177
99 100 0.152
99 101 0.0428
99 116 0.0214
99 117 0.0131
99 119 0.0187
99 120 0.0192
100 101 0.14
100 102 0.0519
100 116 0.0202
100 117 0.0188
100 119 0.0119
100 120 0.022
101 102 0.151
101 103 0.044
102 103 0.141
102 104 0.0526
102 105 0.0137
103 104 0.144
103 105 0.0335
104 105 0.199
104 106 0.0414
104 107 0.0206
105 106 0.129
105 107 0.0314
106 107 0.143
106 108 0.0411
106 109 0.0119
107 108 0.142
107 109 0.0686
107 110 0.0474
108 109 0.174
108 110 0.0407
109 110 0.161
109 111 0.0536
109 112 0.0126
110 111 0.186
110 112 0.0664
110 113 0.0142
110 138 0.0146
110 139 0.0139
111 112 0.169
111 113 0.0528
111 114 0.0248
111 139 0.0156
112 113 0.183
112 114 0.101
112 115 0.0295
112 116 0.0395
112 117 0.0482
112 139 0.0125
112 141 0.012
112 142 0.022
113 114 0.253
113 115 0.0822
113 116 0.0531
113 117 0.0337
113 142 0.0159
114 115 0.167
114 116 0.0899
114 117 0.0762
114 118 0.0299
114 141 0.0229
114 142 0.0434
114 145 0.0314
114 146 0.0136
115 116 0.217
115 117 0.0678
115 118 0.0535
115 119 0.027
115 120 0.0139
115 142 0.0137
115 145 0.0201
115 146 0.0126
116 117 0.176
116 118 0.115
116 119 0.0763
116 120 0.0529
116 121 0.0178
116 142 0.014
116 145 0.0152
116 146 0.016
117 118 0.203
117 119 0.0712
117 120 0.108
117 121 0.0609
117 122 0.0178
117 141 0.0131
117 142 0.0524
117 143 0.0248
117 144 0.0165
117 145 0.0381
117 146 0.0507
117 147 0.0144
117 149 0.0138
118 119 0.217
118 120 0.136
118 121 0.0872
118 122 0.049
118 123 0.0209
118 124 0.0119
118 142 0.0249
118 143 0.0171
118 144 0.0143
118 145 0.043
118 146 0.0913
118 147 0.0274
118 148 0.0256
118 149 0.0457
118 150 0.0263
119 120 0.185
119 121 0.0723
119 122 0.085
119 123 0.0471
119 124 0.0154
119 146 0.0269
119 149 0.0218
119 150 0.0179
120 121 0.224
120 122 0.104
120 123 0.0856
120 124 0.0532
120 125 0.0174
120 146 0.0254
121 122 0.168
121 123 0.103
121 124 0.126
121 125 0.052
121 126 0.0155
121 127 0.0129
121 142 0.0126
121 143 0.0202
121 146 0.0462
121 147 0.0262
121 150 0.0184
122 123 0.273
122 124 0.0938
122 125 0.0723
122 126 0.035
122 127 0.0159
122 146 0.0224
122 147 0.0155
122 149 0.013
122 150 0.0307
123 124 0.157
123 125 0.0923
123 126 0.0693
123 127 0.0369
124 125 0.224
124 126 0.0826
124 127 0.0983
124 128 0.0244
124 129 0.0196
125 126 0.198
125 127 0.132
125 128 0.0419
125 129 0.0201
126 127 0.202
126 128 0.0489
126 129 0.0146
127 128 0.152
127 129 0.0611
127 130 0.0121
128 129 0.173
128 130 0.0556
129 130 0.144
129 131 0.0376
130 131 0.168
130 132 0.0328
131 132 0.17
131 133 0.0334
132 133 0.17
132 134 0.0382
133 134 0.152
133 135 0.0457
134 135 0.221
134 136 0.0572
134 137 0.0166
135 136 0.149
135 137 0.0609
135 138 0.0172
136 137 0.182
136 138 0.0896
136 139 0.0208
136 140 0.015
137 138 0.17
137 139 0.0681
137 140 0.0409
137 143 0.0123
138 139 0.194
138 140 0.124
138 141 0.0392
138 142 0.0503
138 143 0.0625
138 144 0.0223
139 140 0.27
139 141 0.123
139 142 0.075
139 143 0.0472
139 144 0.0297
140 141 0.154
140 142 0.0801
140 143 0.0877
140 144 0.0663
140 145 0.0174
141 142 0.212
141 143 0.0738
141 144 0.111
141 145 0.0615
141 146 0.0189
142 143 0.174
142 144 0.164
142 145 0.137
142 146 0.0656
142 147 0.0305
142 148 0.0237
143 144 0.247
143 145 0.0741
143 146 0.0841
143 147 0.0773
143 148 0.0297
144 145 0.17
144 146 0.095
144 147 0.0931
144 148 0.0678
144 149 0.0186
145 146 0.182
145 147 0.0788
145 148 0.137
145 149 0.0639
145 150 0.0201
145 151 0.0151
145 152 0.0126
146 147 0.24
146 148 0.165
146 149 0.11
146 150 0.0718
146 151 0.0402
146 152 0.0212
147 148 0.184
147 149 0.0695
147 150 0.09
147 151 0.0772
147 152 0.0227
148 149 0.201
148 150 0.0899
148 151 0.0987
148 152 0.0666
148 153 0.0198
148 222 0.0157
149 150 0.162
149 151 0.107
149 152 0.16
149 153 0.0667
149 154 0.0231
149 155 0.0226
149 156 0.0138
149 222 0.023
149 223 0.0148
150 151 0.298
150 152 0.116
150 153 0.0959
150 154 0.0768
150 155 0.0451
150 156 0.0159
151 152 0.155
151 153 0.0812
151 154 0.091
151 155 0.0801
151 156 0.0202
152 153 0.208
152 154 0.0748
152 155 0.117
152 156 0.0712
152 157 0.0208
152 158 0.0136
152 159 0.014
152 218 0.0151
152 219 0.0205
152 221 0.0121
152 222 0.0309
152 223 0.0173
153 154 0.178
153 155 0.158
153 156 0.141
153 157 0.0695
153 158 0.0337
153 159 0.0268
153 160 0.0128
153 219 0.0119
154 155 0.26
154 156 0.0768
154 157 0.0869
154 158 0.0876
154 159 0.034
154 160 0.0124
155 156 0.162
155 157 0.0919
155 158 0.102
155 159 0.0735
155 160 0.0199
156 157 0.18
156 158 0.0805
156 159 0.147
156 160 0.0691
156 161 0.021
156 162 0.0178
156 163 0.0148
156 218 0.0125
156 219 0.0177
157 158 0.233
157 159 0.172
157 160 0.129
157 161 0.0791
157 162 0.0476
157 163 0.0256
157 164 0.012
158 159 0.187
158 160 0.0729
158 161 0.0922
158 162 0.0879
158 163 0.025
159 160 0.195
159 161 0.086
159 162 0.107
159 163 0.0708
159 164 0.0196
159 166 0.012
160 161 0.161
160 162 0.111
160 163 0.166
160 164 0.0685
160 165 0.0248
160 166 0.0224
160 167 0.0131
161 162 0.289
161 163 0.116
161 164 0.095
161 165 0.0839
161 166 0.0466
161 167 0.0153
162 163 0.154
162 164 0.0734
162 165 0.0866
162 166 0.077
162 167 0.0187
163 164 0.197
163 165 0.0741
163 166 0.108
163 167 0.065
163 168 0.0134
164 165 0.175
164 166 0.142
164 167 0.128
164 168 0.042
164 169 0.0175
164 170 0.012
165 166 0.257
165 167 0.073
165 168 0.0448
165 169 0.0287
165 170 0.012
166 167 0.152
166 168 0.0571
166 169 0.0456
166 170 0.0276
167 168 0.163
167 169 0.0793
167 170 0.0806
167 171 0.0258
168 169 0.257
168 170 0.114
168 171 0.0345
169 170 0.183
169 171 0.0361
170 171 0.144
170 172 0.0218
171 172 0.129
171 173 0.034
172 173 0.141
172 174 0.0255
172 175 0.0128
173 174 0.137
173 175 0.0466
174 175 0.181
174 176 0.059
174 177 0.025
174 178 0.0159
175 176 0.127
175 177 0.0349
175 178 0.0309
175 179 0.0269
176 177 0.112
176 178 0.0376
176 179 0.0527
176 180 0.0184
177 178 0.137
177 179 0.0783
177 180 0.0598
177 181 0.025
178 179 0.148
178 180 0.0559
178 181 0.0595
178 182 0.0483
178 183 0.0172
179 180 0.127
179 181 0.0422
179 182 0.0484
179 183 0.0449
180 181 0.107
180 182 0.0457
180 183 0.0803
180 184 0.0311
181 182 0.157
181 183 0.0767
181 184 0.0701
181 185 0.0323
181 186 0.0138
182 183 0.135
182 184 0.052
182 185 0.0484
182 186 0.0409
183 184 0.118
183 185 0.0359
183 186 0.0493
184 185 0.114
184 186 0.0602
184 187 0.0187
185 186 0.16
185 187 0.0535
185 188 0.0165
186 187 0.156
186 188 0.0273
187 188 0.137
187 189 0.0335
188 189 0.123
188 190 0.032
188 191 0.0125
189 190 0.129
189 191 0.0355
190 191 0.138
190 192 0.0299
191 192 0.133
191 193 0.0271
192 193 0.11
192 194 0.0302
193 194 0.16
193 195 0.0514
194 195 0.133
194 196 0.0427
195 196 0.151
195 197 0.0635
195 198 0.0158
196 197 0.131
196 198 0.0492
196 199 0.021
197 198 0.2
197 199 0.0533
197 200 0.0192
198 199 0.168
198 200 0.0637
198 201 0.0244
199 200 0.19
199 201 0.0374
199 202 0.0132
200 201 0.136
200 202 0.0599
200 230 0.012
201 202 0.23
201 203 0.0649
201 204 0.0208
201 229 0.0134
201 230 0.0146
202 203 0.145
202 204 0.0621
202 205 0.0122
202 229 0.0156
202 230 0.0217
202 231 0.0177
202 232 0.0255
203 204 0.223
203 205 0.0691
203 206 0.0167
203 230 0.0136
203 231 0.0234
203 232 0.0332
203 233 0.0168
203 234 0.0139
204 205 0.149
204 206 0.0504
204 231 0.014
204 232 0.0286
204 233 0.0196
204 234 0.0248
205 206 0.198
205 207 0.0614
205 208 0.0177
205 209 0.0174
205 213 0.0153
205 232 0.0146
205 233 0.0207
205 234 0.0234
206 207 0.154
206 208 0.0464
206 209 0.026
206 234 0.0159
206 236 0.0131
207 208 0.159
207 209 0.0846
207 210 0.0405
207 212 0.0171
207 213 0.0188
207 236 0.0142
208 209 0.203
208 210 0.045
208 211 0.0184
208 212 0.0266
208 213 0.0139
209 210 0.143
209 211 0.0731
209 212 0.125
209 213 0.0528
209 214 0.0151
209 215 0.0136
209 216 0.0121
210 211 0.194
210 212 0.124
210 213 0.12
210 214 0.0685
210 215 0.0358
210 216 0.0224
211 212 0.171
211 213 0.0708
211 214 0.0879
211 215 0.0785
211 216 0.0242
212 213 0.162
212 214 0.0645
212 215 0.0942
212 216 0.0682
212 217 0.0167
213 214 0.139
213 215 0.0979
213 216 0.159
213 217 0.0673
213 218 0.0238
213 219 0.0228
213 220 0.0142
214 215 0.229
214 216 0.092
214 217 0.0984
214 218 0.0893
214 219 0.0408
214 220 0.0166
215 216 0.15
215 217 0.0708
215 218 0.0908
215 219 0.0775
215 220 0.0193
216 217 0.154
216 218 0.0616
216 219 0.114
216 220 0.0598
216 221 0.0149
217 218 0.166
217 219 0.136
217 220 0.147
217 221 0.0685
217 222 0.0319
217 223 0.0238
217 247 0.018
218 219 0.196
218 220 0.0727
218 221 0.0886
218 222 0.0794
218 223 0.0274
218 247 0.0203
219 220 0.158
219 221 0.0685
219 222 0.0833
219 223 0.0643
219 224 0.013
220 221 0.138
220 222 0.0765
220 223 0.131
220 224 0.047
220 225 0.0541
220 226 0.0123
221 222 0.223
221 223 0.111
221 224 0.0715
221 225 0.0267
221 247 0.026
221 250 0.0252
221 251 0.0168
222 223 0.161
222 224 0.0547
222 225 0.016
223 224 0.153
223 225 0.0746
223 226 0.0136
224 225 0.139
224 226 0.0444
224 227 0.0134
225 226 0.16
225 227 0.0748
225 228 0.0183
225 229 0.0138
226 227 0.178
226 228 0.0627
226 229 0.0247
226 254 0.0186
227 228 0.208
227 229 0.114
227 230 0.0325
227 231 0.0141
227 254 0.014
228 229 0.168
228 230 0.0777
228 231 0.02
228 254 0.0196
228 255 0.0228
229 230 0.238
229 231 0.096
229 232 0.0309
229 255 0.0173
230 231 0.153
230 232 0.0791
230 233 0.0172
230 255 0.0205
230 257 0.0174
230 258 0.0227
231 232 0.2
231 233 0.0872
231 234 0.0245
231 255 0.0124
231 258 0.0188
232 233 0.143
232 234 0.0756
232 235 0.0177
232 258 0.0147
232 260 0.0131
233 234 0.185
233 235 0.085
233 236 0.02
234 235 0.152
234 236 0.0599
234 237 0.0155
235 236 0.157
235 237 0.0699
235 238 0.0227
236 237 0.178
236 238 0.0353
237 238 0.14
237 239 0.0233
238 239 0.137
238 240 0.0292
238 241 0.0152
239 240 0.175
239 241 0.0567
239 242 0.0155
240 241 0.209
240 242 0.0794
240 243 0.0254
241 242 0.15
241 243 0.0849
241 244 0.0195
242 243 0.184
242 244 0.0755
242 245 0.0171
243 244 0.186
243 245 0.0501
243 246 0.0292
243 247 0.0584
243 248 0.0308
244 245 0.145
244 246 0.0838
244 247 0.0661
244 248 0.0279
245 246 0.229
245 247 0.0705
245 248 0.0639
245 249 0.0291
245 268 0.0124
245 269 0.0288
245 270 0.0306
245 273 0.0226
246 247 0.148
246 248 0.0846
246 249 0.0539
246 250 0.0264
246 273 0.0139
247 248 0.186
247 249 0.057
247 250 0.0634
247 251 0.0496
247 252 0.017
248 249 0.173
248 250 0.0986
248 251 0.0813
248 252 0.058
248 253 0.0161
248 269 0.0163
248 273 0.0124
249 250 0.164
249 251 0.0552
249 252 0.0797
249 253 0.0389
249 273 0.0191
250 251 0.188
250 252 0.112
250 253 0.0752
250 254 0.0414
250 255 0.0144
251 252 0.162
251 253 0.0639
251 254 0.0789
251 255 0.0464
252 253 0.196
252 254 0.0786
252 255 0.048
252 256 0.0183
253 254 0.139
253 255 0.0493
253 256 0.0251
254 255 0.213
254 256 0.0593
254 257 0.0194
254 258 0.0173
255 256 0.157
255 257 0.0809
255 258 0.0759
255 259 0.0167
256 257 0.163
256 258 0.056
256 259 0.0204
257 258 0.161
257 259 0.0939
257 260 0.0247
258 259 0.178
258 260 0.109
258 261 0.0268
259 260 0.157
259 261 0.0774
259 262 0.0236
260 261 0.19
260 262 0.0838
260 263 0.0283
261 262 0.192
261 263 0.0421
262 263 0.155
262 264 0.0258
263 264 0.13
263 265 0.0349
264 265 0.189
264 266 0.0379
264 267 0.0137
265 266 0.133
265 267 0.053
266 267 0.214
266 268 0.0633
266 269 0.0195
267 268 0.147
267 269 0.0661
267 270 0.0121
268 269 0.186
268 270 0.0572
268 271 0.0122
269 270 0.16
269 271 0.0393
269 272 0.0211
269 273 0.0464
269 274 0.0198
270 271 0.132
270 272 0.0804
270 273 0.0675
270 274 0.0222
271 272 0.228
271 273 0.0848
271 274 0.0632
271 275 0.0265
272 273 0.142
272 274 0.0626
272 275 0.0406
272 276 0.0198
273 274 0.162
273 275 0.0508
273 276 0.0514
273 277 0.0317
274 275 0.16
274 276 0.0937
274 277 0.0748
274 278 0.0389
275 276 0.17
275 277 0.053
275 278 0.0544
275 279 0.0235
276 277 0.161
276 278 0.075
276 279 0.0458
276 280 0.0228
277 278 0.151
277 279 0.057
277 280 0.0564
277 281 0.0354
278 279 0.183
278 280 0.0672
278 281 0.0376
278 282 0.0142
279 280 0.141
279 281 0.0395
279 282 0.0165
280 281 0.177
280 282 0.0489
280 283 0.0182
281 282 0.165
281 283 0.0907
281 284 0.0193
282 283 0.161
282 284 0.0499
282 285 0.0222
283 284 0.134
283 285 0.0849
283 286 0.0208
284 285 0.187
284 286 0.0438
284 287 0.0128
285 286 0.114
285 287 0.0554
286 287 0.148
286 288 0.0406
287 288 0.11
287 289 0.0322
288 289 0.115
288 290 0.0215
289 290 0.11
289 291 0.0283
290 291 0.153
290 292 0.0275
291 292 0.1
291 293 0.0342
292 293 0.136
292 294 0.0378
293 294 0.0938
293 295 0.0352
294 295 0.103
294 296 0.0253
295 296 0.0923
295 297 0.013
296 297 0.0535
296 298 0.0237
297 298 0.119
297 299 0.0164
298 299 0.0532
299 300 0.0503
300 301 0.0688
301 302 0.0485
302 303 0.0647
303 304 0.0413
304 305 0.0477
305 306 0.0555
306 307 0.0569
307 308 0.0398
308 309 0.0373
309 310 0.0314
310 311 0.0406
311 312 0.0312
312 313 0.0447
313 314 0.0251
314 315 0.0367
315 316 0.0225
316 317 0.0361
317 318 0.0242
318 319 0.015
319 320 0.0215
320 321 0.0168
321 322 0.027
322 323 0.0185
323 324 0.0258
324 325 0.0258
325 326 0.0257
326 327 0.0224
327 328 0.0314
329 330 0.0165
333 334 0.0134
335 336 0.018
340 341 0.0163
344 345 0.0142
347 348 0.0142
351 352 0.0165
355 356 0.0141
358 359 0.0138
362 363 0.0158
366 367 0.015
369 370 0.0154
373 374 0.013
376 377 0.0135
380 381 0.0154
387 388 0.0144
389 390 0.0151
391 392 0.0144
