# Ridge regression of type C
# slope=0.0006322 corr.=0.783 (Bfact)
# Internal_fluct= 0.056 Translation_fluct= 0.874 Rotation_fluct= 0.069
# aa_pos_chain pred_msd_int pred_msd_all B/(8pi^2/3)
M1A	542.4	  3.088	  1.889
T2A	509.5	  3.200	  1.999
T3A	461.1	  3.109	  2.333
T4A	436.2	  3.225	  2.294
P5A	404.5	  3.214	  2.453
T6A	374.6	  3.247	  2.569
T7A	349.2	  3.097	  2.864
T8A	336.2	  3.053	  3.000
T9A	326.7	  3.187	  3.096
H10A	305.9	  3.167	  2.972
M11A	285.8	  3.014	  3.188
V12A	278.1	  3.048	  3.264
L13A	268.4	  3.161	  3.353
I14A	246.5	  3.065	  3.477
T15A	231.7	  2.948	  3.491
T16A	228.7	  3.044	  3.475
I17A	216	  3.099	  3.437
H18A	196.6	  2.957	  3.374
M19A	187.7	  2.901	  3.467
V20A	185.4	  3.021	  3.421
L21A	171.8	  3.008	  3.428
T22A	155	  2.858	  3.504
T23A	150.9	  2.859	  3.492
M24A	148.6	  2.969	  3.454
I25A	133.8	  2.892	  3.391
H26A	122.2	  2.764	  3.304
M27A	122.6	  2.822	  3.348
A28A	118.9	  2.890	  3.145
L29A	104.5	  2.770	  3.182
T30A	97.19	  2.677	  3.216
T31A	100.5	  2.765	  3.142
M32A	94.67	  2.775	  3.067
I33A	81.93	  2.637	  2.964
H34A	79.62	  2.588	  2.561
M35A	86.7	  2.686	  2.622
A36A	83.3	  2.701	  2.322
P37A	70.71	  2.560	  2.590
T38A	71.83	  2.526	  2.648
T39A	82.43	  2.637	  2.742
M40A	77.91	  2.607	  2.732
I41A	67.72	  2.465	  2.609
H42A	75.15	  2.489	  2.393
M43A	85.61	  2.586	  2.531
A44A	78.13	  2.490	  2.192
L45A	73.09	  2.380	  2.373
T46A	86.91	  2.460	  2.454
T47A	96	  2.524	  2.425
M48A	89.11	  2.410	  2.139
I49A	86.09	  2.306	  1.945
P50A	103.7	  2.359	  1.882
T51A	113.7	  2.393	  2.139
V52A	107.1	  2.265	  1.814
L53A	104.9	  2.155	  1.419
P54A	121.3	  2.122	  1.586
T55A	116.8	  2.094	  1.867
R56A	111.7	  1.954	  1.755
R57A	97.38	  1.936	  1.852
R58A	82.55	  1.988	  1.683
A59A	78.77	  1.887	  1.663
L60A	81.27	  1.826	  1.757
M61A	74.71	  1.896	  1.644
V62A	62.2	  1.910	  1.676
L63A	64.43	  1.806	  1.616
T64A	70.33	  1.796	  1.694
M65A	62.73	  1.871	  1.567
T66A	56.13	  1.833	  1.687
I67A	63.96	  1.748	  1.468
R68A	71.65	  1.771	  1.395
T69A	72.59	  1.771	  1.319
A70A	71.82	  1.706	  1.342
P71A	82.39	  1.640	  1.212
A72A	83.69	  1.557	  1.236
T73A	79.74	  1.547	  1.456
T74A	70.49	  1.532	  1.305
M75A	59.89	  1.589	  1.504
T76A	53.13	  1.587	  1.251
L77A	46.82	  1.640	  1.338
T78A	41.11	  1.672	  1.689
V79A	37.98	  1.725	  2.127
P80A	34.67	  1.780	  1.535
T81A	33.26	  1.780	  1.963
T82A	35.29	  1.861	  1.629
M83A	38.63	  1.856	  1.731
T84A	43.34	  1.855	  1.585
L85A	45.53	  1.774	  1.534
T86A	53.5	  1.771	  1.865
V87A	55.59	  1.676	  2.192
P88A	65.14	  1.638	  1.648
T89A	71.59	  1.552	  1.785
T90A	71.6	  1.481	  1.522
M91A	61.91	  1.500	  1.878
T92A	57.04	  1.477	  1.514
L93A	48.73	  1.541	  1.723
T94A	43.12	  1.539	  1.857
V95A	38.14	  1.602	  2.142
P96A	33.59	  1.613	  1.651
T97A	31.78	  1.661	  1.782
M98A	34.52	  1.724	  1.767
T99A	35.86	  1.788	  1.822
T100A	41.21	  1.818	  1.466
L101A	44.66	  1.757	  1.566
T102A	52.76	  1.807	  1.687
V103A	57.33	  1.723	  1.921
R104A	67.78	  1.755	  1.528
Q105A	73.35	  1.659	  1.588
T106A	80.29	  1.583	  1.448
R107A	77.81	  1.486	  1.510
I108A	66.86	  1.484	  1.609
R109A	70.05	  1.401	  1.730
A110A	60.61	  1.422	  1.387
L111A	52.21	  1.489	  1.800
T112A	46.33	  1.478	  1.804
V113A	41.17	  1.541	  2.052
P114A	36.15	  1.538	  1.798
T115A	34.87	  1.543	  2.049
M116A	32.35	  1.610	  1.964
T117A	35.74	  1.662	  2.123
I118A	39.26	  1.640	  2.021
L119A	38.01	  1.693	  1.886
M120A	39.54	  1.776	  2.107
A121A	44.22	  1.765	  1.996
L122A	47.27	  1.763	  2.040
T123A	47.91	  1.861	  2.079
M124A	52.11	  1.914	  1.905
M125A	56.93	  1.864	  1.903
I126A	60.4	  1.928	  1.705
H127A	65.62	  2.047	  1.512
M128A	69.81	  2.005	  1.329
V129A	79.51	  2.019	  1.150
L130A	79.93	  1.904	  1.397
P131A	93.7	  1.934	  1.293
T132A	100.5	  1.841	  1.254
R133A	102.1	  1.715	  1.257
R134A	97.66	  1.596	  1.310
R135A	85.44	  1.538	  1.345
V136A	78.4	  1.496	  1.238
L137A	66.48	  1.520	  1.421
M138A	62.95	  1.447	  1.501
V139A	54.17	  1.493	  1.844
P140A	50.24	  1.439	  1.653
A141A	50.52	  1.451	  1.912
T142A	42.7	  1.455	  2.108
T143A	41.62	  1.522	  2.169
I144A	46.73	  1.566	  2.093
R145A	43.21	  1.537	  2.127
M146A	37.48	  1.557	  2.333
V147A	40.6	  1.643	  2.268
L148A	44.37	  1.662	  2.473
T149A	39.1	  1.620	  2.631
T150A	36.9	  1.670	  2.629
M151A	42.82	  1.764	  2.553
I152A	43.83	  1.745	  2.518
H153A	38.57	  1.707	  2.532
M154A	40.83	  1.799	  2.640
V155A	47.4	  1.877	  2.482
L156A	45.28	  1.814	  2.699
T157A	42.11	  1.799	  2.763
T158A	48.12	  1.922	  2.626
M159A	52.88	  1.953	  2.542
I160A	49.01	  1.864	  2.501
H161A	50.16	  1.910	  2.480
M162A	58.52	  2.041	  2.565
A163A	59.76	  2.004	  2.089
L164A	56.56	  1.925	  2.352
T165A	62.27	  2.028	  2.495
T166A	70.52	  2.136	  2.272
M167A	69.37	  2.048	  1.911
I168A	68.85	  1.991	  1.920
P169A	79.8	  2.116	  1.660
T170A	85.95	  2.135	  1.844
V171A	81.79	  1.993	  1.425
L172A	82.89	  1.909	  1.358
P173A	91.26	  1.903	  1.351
T174A	89.68	  1.768	  1.423
R175A	81.4	  1.661	  1.481
R176A	77.83	  1.692	  1.640
R177A	73.01	  1.587	  1.559
A178A	63.89	  1.561	  1.377
L179A	61.04	  1.652	  1.403
M180A	61.87	  1.647	  1.322
V181A	56.26	  1.565	  1.406
L182A	51.56	  1.596	  1.366
T183A	53.37	  1.684	  1.502
M184A	53.29	  1.644	  1.396
T185A	48.02	  1.586	  1.518
I186A	47.21	  1.647	  1.436
R187A	50.43	  1.707	  1.310
T188A	49.82	  1.711	  1.204
A189A	47.81	  1.659	  1.172
P190A	50.33	  1.687	  1.278
A191A	48.91	  1.623	  1.188
T192A	53.43	  1.628	  1.335
T193A	52.17	  1.578	  1.034
M194A	52.2	  1.575	  1.104
T195A	49.45	  1.524	  0.897
L196A	47	  1.508	  0.920
T197A	47.01	  1.464	  0.993
V198A	44.79	  1.445	  1.111
P199A	43.67	  1.392	  1.165
T200A	38.42	  1.346	  1.134
M201A	37.16	  1.314	  1.123
T202A	37.52	  1.336	  1.308
T203A	36.8	  1.299	  1.213
L204A	36.78	  1.345	  1.126
T205A	40.02	  1.322	  1.409
V206A	40.51	  1.391	  1.377
R207A	46.3	  1.400	  1.332
Q208A	45.3	  1.458	  1.447
T209A	52.11	  1.564	  1.500
R210A	47.11	  1.598	  1.887
I211A	40.35	  1.582	  1.868
R212A	43.52	  1.676	  1.899
A213A	42.57	  1.633	  1.740
L214A	34.81	  1.537	  2.044
T215A	33.63	  1.583	  2.021
V216A	37.08	  1.638	  1.928
L217A	33.65	  1.556	  2.099
L218A	27.87	  1.501	  2.256
A219A	30.3	  1.568	  1.894
T220A	32.03	  1.575	  2.047
M221A	27.21	  1.487	  2.108
I222A	25.18	  1.477	  1.950
L223A	29.11	  1.535	  1.850
T224A	29.09	  1.510	  1.906
D225A	25.61	  1.438	  1.676
L226A	26.19	  1.426	  1.762
P227A	24.45	  1.370	  1.469
I228A	25.29	  1.358	  1.608
T229A	24.31	  1.309	  1.489
T230A	24.97	  1.315	  1.607
T231A	24.95	  1.271	  1.259
L232A	25.23	  1.296	  1.199
T233A	28.3	  1.258	  1.286
V234A	28.95	  1.295	  1.282
L235A	33.99	  1.262	  1.312
P236A	34.56	  1.296	  1.447
T237A	42.74	  1.307	  1.272
R238A	44.42	  1.331	  1.268
R239A	44.63	  1.426	  1.394
R240A	41.41	  1.484	  1.383
V241A	36.3	  1.502	  1.280
L242A	31.68	  1.486	  1.203
M243A	32.55	  1.549	  1.440
V244A	27.28	  1.497	  1.561
P245A	29.17	  1.551	  1.489
T246A	26.52	  1.496	  1.744
M247A	25.37	  1.488	  1.753
T248A	22.52	  1.446	  1.874
I249A	20	  1.383	  1.739
L250A	19.68	  1.360	  1.588
M251A	19.01	  1.359	  1.716
A252A	18.06	  1.332	  1.559
L253A	17	  1.289	  1.615
T254A	17.57	  1.279	  1.809
M255A	18.12	  1.283	  1.627
M256A	18.27	  1.252	  1.499
I257A	19.36	  1.216	  1.324
H258A	21.45	  1.195	  1.141
M259A	20.51	  1.202	  1.314
V260A	24.06	  1.161	  1.166
L261A	23.78	  1.172	  1.330
P262A	28.58	  1.131	  1.298
T263A	29.52	  1.124	  1.106
R264A	30.95	  1.160	  1.260
R265A	30.18	  1.220	  1.181
R266A	28.31	  1.287	  1.260
V267A	27.58	  1.333	  1.243
L268A	24.41	  1.351	  1.268
M269A	27.77	  1.427	  1.382
V270A	25.27	  1.411	  1.638
P271A	29.76	  1.481	  1.520
A272A	32.35	  1.456	  1.741
T273A	32.19	  1.464	  1.809
T274A	25.58	  1.397	  1.713
I275A	26.25	  1.345	  1.685
R276A	30.67	  1.342	  1.399
M277A	26.89	  1.320	  1.419
V278A	22.94	  1.280	  1.507
L279A	27.1	  1.254	  1.493
T280A	30.06	  1.239	  1.567
T281A	26.07	  1.230	  1.395
M282A	23.63	  1.213	  1.237
I283A	26.69	  1.191	  1.216
P284A	24.13	  1.184	  1.429
T285A	26.69	  1.172	  1.236
V286A	27.58	  1.158	  1.023
L287A	26.97	  1.144	  1.053
L288A	29.11	  1.135	  1.044
T289A	29.82	  1.124	  1.247
K290A	32.94	  1.131	  1.102
R291A	33.85	  1.163	  1.201
R292A	30.17	  1.208	  1.216
V293A	32.6	  1.262	  1.159
L294A	29.19	  1.296	  1.148
M295A	35.26	  1.369	  1.254
V296A	33.84	  1.383	  1.334
P297A	42.09	  1.466	  1.186
T298A	48.82	  1.458	  1.313
T299A	50.99	  1.490	  1.315
M300A	45.44	  1.411	  1.163
I301A	52.09	  1.363	  1.116
H302A	59.14	  1.341	  1.194
T303A	64.28	  1.285	  1.191
A304A	61.26	  1.247	  1.186
P305A	78.34	  1.219	  1.165
A306A	91.26	  1.213	  1.053
T307A	94.18	  1.206	  1.232
T308A	100.1	  1.214	  0.977
M309A	86.91	  1.211	  1.055
T310A	92.71	  1.221	  0.941
L311A	80.4	  1.218	  0.980
T312A	94.59	  1.228	  1.159
V313A	91	  1.246	  1.159
P314A	107.5	  1.245	  1.228
T315A	121.2	  1.289	  1.173
M316A	140.3	  1.310	  1.248
T317A	165.9	  1.371	  1.162
T318A	186.3	  1.439	  0.988
L319A	212.7	  1.530	  0.964
T320A	242	  1.575	  1.042
V321A	278.5	  1.678	  1.156
P322A	302.7	  1.693	  1.228
L323A	309	  1.714	  0.961
I324A	359	  1.820	  1.313
E325A	356.3	  1.800	  1.109
T326A	391.5	  1.896	  1.280
R327A	386.9	  1.871	  1.276
T328A	361.7	  1.860	  1.281
P329A	336.1	  1.849	  1.326
M330A	290	  1.843	  1.397
G331A	247.6	  1.766	  1.181
L332A	199.2	  1.718	  1.298
P333A	168	  1.607	  1.461
T334A	132.4	  1.575	  1.484
T335A	139.3	  1.574	  1.599
V336A	127.8	  1.608	  1.673
H337A	156.2	  1.682	  1.512
P338A	169.7	  1.649	  1.907
T339A	191.3	  1.785	  2.025
M340A	169.3	  1.783	  1.702
M341A	169.9	  1.693	  1.755
T342A	209.7	  1.767	  2.344
L343A	219.6	  1.894	  2.320
M344A	209.1	  1.835	  2.004
V345A	237.4	  1.799	  2.542
H346A	277.8	  1.937	  2.593
L347A	281.3	  2.014	  2.609
I348A	291.4	  1.935	  2.569
E349A	336.2	  1.973	  2.566
A350A	368.7	  2.138	  2.606
V351A	379.9	  2.155	  2.675
V352A	409.7	  2.088	  2.534
I353A	458.6	  2.192	  2.688
N354A	490.4	  2.350	  2.648
T355A	513	  2.314	  2.572
V356A	558.9	  2.294	  2.460
V357A	607.4	  2.454	  2.564
T358A	643.3	  2.575	  2.636
T359A	682.8	  2.514	  2.456
I360A	736.5	  2.558	  2.440
T361A	786.5	  2.757	  2.514
K362A	838.2	  2.818	  2.579
F363A	889.3	  2.764	  1.949
L364A	935.7	  2.875	  2.363
D365A	1012	  3.086	  2.383
V366A	1098	  3.090	  2.419
F367A	1131	  3.069	  2.151
D368A	1248	  3.248	  2.228
K369A	1200	  3.219	  2.309
K370A	1230	  3.106	  2.300
N371A	1135	  2.930	  2.465
I372A	1017	  2.875	  2.585
L373A	1007	  2.783	  2.683
L374A	1006	  2.655	  2.706
C375A	909	  2.589	  2.495
L376A	831.6	  2.543	  2.868
D377A	849.7	  2.435	  2.889
L378A	820.3	  2.340	  2.807
S379A	718.9	  2.304	  2.792
M380A	685	  2.244	  2.716
K381A	704.6	  2.134	  2.788
I382A	644.1	  2.077	  2.601
L383A	562.9	  2.052	  2.564
C384A	573.9	  1.975	  2.558
M385A	574	  1.890	  2.417
S386A	493.6	  1.862	  2.074
C387A	444	  1.834	  2.018
G388A	462.6	  1.739	  1.598
Y389A	501.5	  1.812	  1.676
V390A	562.6	  1.766	  1.530
S391A	613.1	  1.865	  1.685
A392A	652.8	  1.787	  1.567
G393A	738.7	  1.894	  1.681
K394A	766.7	  1.893	  1.305
