# mean= 12.7 s.d.= 16.3 thr=7 45 SIGMA= 2
#Residue names written in A0A023PXQ4-AFv4A_MIN4.5_ALL_PHIPSIPSI.names.dat
#resi resj coupling
0 1 90.7
0 2 86.4
0 3 83.2
0 4 80.4
0 5 76.4
0 6 74
0 7 73.4
0 8 71.6
0 9 68.3
0 10 66.7
0 11 66.2
0 12 63.7
0 13 60.5
0 14 59.7
0 15 59.1
0 16 55.8
0 17 53.3
0 18 53.1
0 19 51.7
0 20 48.2
0 21 46.3
0 22 46.4
0 349 46.5
0 351 45.9
0 352 50.2
0 353 51
0 354 49.9
0 355 52.7
0 356 56.3
0 357 56.2
0 358 56.4
0 359 60
0 360 62.6
0 361 62.5
0 362 64.1
0 363 67.5
0 364 69.4
0 365 70.9
0 366 73.2
0 367 77.8
0 368 78.4
0 369 79.2
0 370 74.8
0 371 72.2
0 372 73.3
0 373 71.6
0 374 67.5
0 375 66.7
0 376 67.6
0 377 64.3
0 378 60.9
0 379 61.6
0 380 61.1
0 381 56.8
0 382 55.3
0 383 56.8
0 384 54.2
0 385 50.2
0 386 50.3
0 387 50.8
0 388 55.1
0 389 57.6
0 390 61.8
0 391 63.8
0 392 68.5
0 393 71.4
1 2 83.5
1 3 80.6
1 4 78
1 5 74.1
1 6 71.8
1 7 71.1
1 8 69.6
1 9 66.4
1 10 64.7
1 11 64.3
1 12 62.1
1 13 59
1 14 58
1 15 57.6
1 16 54.5
1 17 52
1 18 51.7
1 19 50.6
1 20 47.2
1 349 45.5
1 352 49.2
1 353 50
1 354 48.9
1 355 51.6
1 356 55.2
1 357 55.1
1 358 55.3
1 359 58.8
1 360 61.3
1 361 61.2
1 362 62.8
1 363 66.2
1 364 68.1
1 365 69.5
1 366 71.7
1 367 76.3
1 368 76.8
1 369 77.6
1 370 73.3
1 371 70.8
1 372 71.8
1 373 70.1
1 374 66
1 375 65.3
1 376 66.2
1 377 62.9
1 378 59.6
1 379 60.3
1 380 59.7
1 381 55.5
1 382 54
1 383 55.5
1 384 52.9
1 385 49
1 386 49.1
1 387 49.6
1 388 53.8
1 389 56.2
1 390 60.4
1 391 62.3
1 392 66.9
1 393 69.8
2 3 76.8
2 4 74.2
2 5 70.6
2 6 68.4
2 7 67.8
2 8 66.3
2 9 63.3
2 10 61.7
2 11 61.3
2 12 59.2
2 13 56.2
2 14 55.3
2 15 54.9
2 16 51.9
2 17 49.6
2 18 49.4
2 19 48.3
2 352 46.7
2 353 47.5
2 354 46.5
2 355 49
2 356 52.4
2 357 52.4
2 358 52.5
2 359 55.9
2 360 58.3
2 361 58.2
2 362 59.6
2 363 62.9
2 364 64.7
2 365 66
2 366 68.1
2 367 72.5
2 368 73
2 369 73.7
2 370 69.6
2 371 67.2
2 372 68.2
2 373 66.5
2 374 62.7
2 375 62
2 376 62.7
2 377 59.6
2 378 56.5
2 379 57.2
2 380 56.5
2 381 52.6
2 382 51.2
2 383 52.5
2 384 50
2 385 46.3
2 386 46.4
2 387 46.9
2 388 50.9
2 389 53.1
2 390 57.1
2 391 58.9
2 392 63.3
2 393 66.1
3 4 71.9
3 5 68.5
3 6 66.2
3 7 65.6
3 8 64.4
3 9 61.5
3 10 59.9
3 11 59.5
3 12 57.6
3 13 54.7
3 14 53.8
3 15 53.5
3 16 50.8
3 17 48.4
3 18 48.1
3 19 47.2
3 352 45.9
3 353 46.7
3 354 45.6
3 355 48
3 356 51.5
3 357 51.4
3 358 51.6
3 359 54.8
3 360 57.3
3 361 57.2
3 362 58.6
3 363 61.8
3 364 63.6
3 365 64.9
3 366 66.9
3 367 71.2
3 368 71.8
3 369 72.4
3 370 68.3
3 371 66
3 372 66.9
3 373 65.2
3 374 61.5
3 375 60.8
3 376 61.5
3 377 58.4
3 378 55.4
3 379 56
3 380 55.4
3 381 51.5
3 382 50.1
3 383 51.4
3 384 48.9
3 386 45.4
3 387 45.7
3 388 49.8
3 389 51.9
3 390 55.9
3 391 57.6
3 392 62
3 393 64.7
4 5 66.4
4 6 64.1
4 7 63.6
4 8 62.4
4 9 59.7
4 10 58
4 11 57.7
4 12 56
4 13 53.1
4 14 52.2
4 15 52
4 16 49.4
4 17 47
4 18 46.7
4 19 46
4 353 45.6
4 355 46.9
4 356 50.3
4 357 50.3
4 358 50.4
4 359 53.6
4 360 56
4 361 55.9
4 362 57.2
4 363 60.4
4 364 62.2
4 365 63.4
4 366 65.4
4 367 69.6
4 368 70.1
4 369 70.7
4 370 66.8
4 371 64.5
4 372 65.4
4 373 63.7
4 374 60.1
4 375 59.4
4 376 60.1
4 377 57.1
4 378 54.1
4 379 54.7
4 380 54.1
4 381 50.3
4 382 48.9
4 383 50.2
4 384 47.7
4 388 48.6
4 389 50.6
4 390 54.5
4 391 56.2
4 392 60.5
4 393 63.1
5 6 61.2
5 7 60.6
5 8 59.6
5 9 57
5 10 55.4
5 11 55.1
5 12 53.6
5 13 50.8
5 14 49.9
5 15 49.7
5 16 47.4
5 356 48.4
5 357 48.4
5 358 48.4
5 359 51.5
5 360 53.9
5 361 53.8
5 362 55.1
5 363 58.1
5 364 59.9
5 365 61.1
5 366 62.9
5 367 67
5 368 67.5
5 369 68.1
5 370 64.2
5 371 62
5 372 62.9
5 373 61.2
5 374 57.7
5 375 57.1
5 376 57.7
5 377 54.7
5 378 51.9
5 379 52.5
5 380 51.7
5 381 48.1
5 382 46.8
5 383 48
5 384 45.5
5 388 46.4
5 389 48.2
5 390 52.1
5 391 53.6
5 392 57.8
5 393 60.4
6 7 58.6
6 8 57.6
6 9 55
6 10 53.6
6 11 53.3
6 12 51.6
6 13 49.1
6 14 48.2
6 15 48
6 16 45.6
6 356 46.3
6 357 46.3
6 358 46.3
6 359 49.2
6 360 51.5
6 361 51.4
6 362 52.6
6 363 55.5
6 364 57.3
6 365 58.3
6 366 60.1
6 367 64
6 368 64.5
6 369 64.9
6 370 61.2
6 371 59.2
6 372 60
6 373 58.3
6 374 55
6 375 54.5
6 376 54.9
6 377 52.1
6 378 49.5
6 379 50
6 380 49.2
6 381 45.8
6 383 45.7
6 389 45.8
6 390 49.5
6 391 50.9
6 392 54.9
6 393 57.4
7 8 57
7 9 54.5
7 10 53.1
7 11 52.9
7 12 51.2
7 13 48.6
7 14 47.8
7 15 47.6
7 356 46
7 357 46
7 358 46
7 359 48.9
7 360 51.2
7 361 51.1
7 362 52.3
7 363 55.2
7 364 56.9
7 365 58
7 366 59.7
7 367 63.6
7 368 64
7 369 64.5
7 370 60.8
7 371 58.8
7 372 59.6
7 373 58
7 374 54.7
7 375 54.1
7 376 54.6
7 377 51.8
7 378 49.2
7 379 49.7
7 380 49
7 381 45.6
7 383 45.5
7 389 45.7
7 390 49.3
7 391 50.7
7 392 54.7
7 393 57.1
8 9 53.8
8 10 52.2
8 11 52
8 12 50.6
8 13 48
8 14 47.1
8 15 47
8 356 46.2
8 357 46.2
8 358 46.2
8 359 49.1
8 360 51.4
8 361 51.3
8 362 52.6
8 363 55.4
8 364 57.2
8 365 58.3
8 366 60.1
8 367 63.9
8 368 64.4
8 369 64.9
8 370 61.2
8 371 59.2
8 372 59.9
8 373 58.3
8 374 55
8 375 54.4
8 376 54.9
8 377 52.1
8 378 49.5
8 379 50
8 380 49.3
8 381 45.8
8 383 45.7
8 389 45.8
8 390 49.5
8 391 50.9
8 392 54.9
8 393 57.4
9 10 50
9 11 49.8
9 12 48.5
9 13 46
9 359 47.2
9 360 49.4
9 361 49.4
9 362 50.5
9 363 53.3
9 364 55
9 365 56
9 366 57.7
9 367 61.4
9 368 61.9
9 369 62.3
9 370 58.7
9 371 56.8
9 372 57.5
9 373 55.9
9 374 52.7
9 375 52.2
9 376 52.6
9 377 49.8
9 378 47.3
9 379 47.8
9 380 47
9 390 47.1
9 391 48.4
9 392 52.3
9 393 54.6
10 11 48.4
10 12 47
10 360 47.5
10 361 47.4
10 362 48.5
10 363 51.2
10 364 52.8
10 365 53.8
10 366 55.4
10 367 58.9
10 368 59.4
10 369 59.7
10 370 56.3
10 371 54.5
10 372 55.1
10 373 53.5
10 374 50.5
10 375 50
10 376 50.4
10 377 47.7
10 379 45.8
10 391 46.2
10 392 49.9
10 393 52.2
11 12 46.9
11 359 45.7
11 360 47.8
11 361 47.8
11 362 48.8
11 363 51.5
11 364 53.2
11 365 54.2
11 366 55.8
11 367 59.4
11 368 59.8
11 369 60.2
11 370 56.8
11 371 54.9
11 372 55.6
11 373 54
11 374 51
11 375 50.4
11 376 50.8
11 377 48.2
11 378 45.8
11 379 46.2
11 380 45.5
11 390 45.6
11 391 46.8
11 392 50.5
11 393 52.8
12 359 45.4
12 360 47.6
12 361 47.5
12 362 48.6
12 363 51.3
12 364 53
12 365 54
12 366 55.6
12 367 59.2
12 368 59.6
12 369 60
12 370 56.5
12 371 54.7
12 372 55.3
12 373 53.8
12 374 50.7
12 375 50.2
12 376 50.6
12 377 47.9
12 378 45.5
12 379 45.9
12 391 46.4
12 392 50.1
12 393 52.4
13 362 46.1
13 363 48.7
13 364 50.3
13 365 51.2
13 366 52.7
13 367 56.1
13 368 56.5
13 369 56.8
13 370 53.5
13 371 51.8
13 372 52.3
13 373 50.8
13 374 47.9
13 375 47.4
13 376 47.7
13 392 46.9
13 393 49
14 363 47.3
14 364 48.9
14 365 49.8
14 366 51.2
14 367 54.5
14 368 54.9
14 369 55.2
14 370 52
14 371 50.3
14 372 50.8
14 373 49.3
14 374 46.6
14 375 46.1
14 376 46.3
14 392 45.6
14 393 47.6
15 362 45.7
15 363 48.3
15 364 49.8
15 365 50.8
15 366 52.2
15 367 55.6
15 368 56
15 369 56.3
15 370 53.1
15 371 51.3
15 372 51.9
15 373 50.4
15 374 47.6
15 375 47.1
15 376 47.4
15 392 46.7
15 393 48.8
16 363 47.2
16 364 48.9
16 365 49.7
16 366 51.2
16 367 54.5
16 368 54.9
16 369 55.1
16 370 51.9
16 371 50.2
16 372 50.8
16 373 49.3
16 374 46.5
16 375 46
16 376 46.2
16 393 47.4
17 364 46.3
17 365 47.1
17 366 48.4
17 367 51.5
17 368 51.9
17 369 52
17 370 49
17 371 47.4
17 372 47.8
17 373 46.4
18 364 45.8
18 365 46.6
18 366 47.9
18 367 51
18 368 51.3
18 369 51.5
18 370 48.5
18 371 47
18 372 47.4
18 373 46
19 364 46.7
19 365 47.5
19 366 48.9
19 367 52
19 368 52.4
19 369 52.6
19 370 49.6
19 371 47.9
19 372 48.4
19 373 47
20 365 45.9
20 366 47.1
20 367 50.2
20 368 50.5
20 369 50.7
20 370 47.7
20 371 46.2
20 372 46.5
21 367 47.5
21 368 47.8
21 369 47.9
22 367 47.8
22 368 48.1
22 369 48.2
22 370 45.5
23 366 45.6
23 367 48.5
23 368 48.8
23 369 49
23 370 46.1
24 367 46.2
24 368 46.4
24 369 46.5
26 368 45.6
26 369 45.6
27 368 45.6
27 369 45.6
53 366 45.6
53 367 47.9
53 368 46.7
53 369 47.8
53 370 46.1
54 367 46.2
54 369 46.2
55 367 46.3
55 369 46.3
70 367 46.7
70 368 45.5
70 369 46.2
71 367 46.9
71 368 45.7
71 369 46.5
131 367 46.4
131 369 46.3
132 367 47.1
132 368 45.8
132 369 47
132 370 45.5
133 367 46
133 369 45.9
316 366 46.6
316 367 49.2
316 368 47.3
316 369 49.8
316 370 48.1
316 373 45.9
316 393 45.8
317 364 45.8
317 365 49.8
317 366 50.7
317 367 53.3
317 368 50.7
317 369 53.2
317 370 51.6
317 371 46.8
317 372 47
317 373 48.9
317 374 45.4
317 392 46.6
317 393 47.9
318 323 47.7
318 324 46.8
318 325 48.1
318 326 46.8
318 361 45.6
318 362 48.2
318 363 48.3
318 364 50.8
318 365 55.2
318 366 55.8
318 367 58.4
318 368 55.2
318 369 57.6
318 370 56.1
318 371 50.6
318 372 50.2
318 373 52.6
318 374 49.1
318 376 47
318 377 47.5
318 391 46.5
318 392 49.1
318 393 50.4
319 320 46.5
319 321 47.9
319 322 47.9
319 323 51.2
319 324 50.2
319 325 51.8
319 326 50.4
319 327 47.2
319 360 45.9
319 361 49.9
319 362 52.3
319 363 52.4
319 364 55.4
319 365 59.9
319 366 60.2
319 367 63
319 368 59.3
319 369 61.6
319 370 60
319 371 54.2
319 372 53.5
319 373 56.1
319 374 52.4
319 375 47.5
319 376 50
319 377 50.6
319 380 46.7
319 390 45.9
319 391 49.7
319 392 52.6
319 393 54
320 321 52.1
320 322 52.3
320 323 56.2
320 324 55.2
320 325 57.1
320 326 55.6
320 327 52.2
320 328 48.7
320 358 48.1
320 359 49.2
320 360 50.8
320 361 55.2
320 362 57.5
320 363 57.5
320 364 61.2
320 365 66
320 366 65.9
320 367 68.8
320 368 64.6
320 369 66.5
320 370 65
320 371 58.7
320 372 57.3
320 373 60.2
320 374 56.5
320 375 50.8
320 376 53.2
320 377 54.2
320 378 48.2
320 379 45.8
320 380 49.7
320 381 47.3
320 384 45.8
320 389 47.5
320 390 48.7
320 391 52.9
320 392 55.8
320 393 57.3
321 322 54.2
321 323 58.3
321 324 57.4
321 325 59.4
321 326 57.9
321 327 54.4
321 328 50.7
321 357 48.2
321 358 50.9
321 359 51.8
321 360 54
321 361 58.5
321 362 60.5
321 363 60.5
321 364 64.8
321 365 69.4
321 366 69.2
321 367 72.2
321 368 67.7
321 369 69.3
321 370 67.7
321 371 61.3
321 372 59.5
321 373 62.5
321 374 58.8
321 375 52.8
321 376 55.5
321 377 56.4
321 378 50.2
321 379 48
321 380 52
321 381 49.3
321 383 46
321 384 47.9
321 389 50.1
321 390 51.6
321 391 55.8
321 392 58.9
321 393 60.7
322 323 59
322 324 58.2
322 325 60.4
322 326 59
322 327 55.5
322 328 51.8
322 329 45.8
322 356 45.6
322 357 49.9
322 358 52.1
322 359 52.8
322 360 55.5
322 361 60
322 362 61.7
322 363 61.7
322 364 66.3
322 365 70.8
322 366 70.2
322 367 73.2
322 368 68.7
322 369 69.6
322 370 68.1
322 371 61.8
322 372 59.4
322 373 62.5
322 374 58.9
322 375 52.7
322 376 55.4
322 377 56.4
322 378 50.1
322 379 48.1
322 380 52
322 381 49.3
322 383 46.2
322 384 48.1
322 389 50.4
322 390 52
322 391 56.1
322 392 59.3
322 393 61.1
323 324 63.1
323 325 65.7
323 326 64.2
323 327 60.5
323 328 56.6
323 329 50.2
323 353 46.1
323 354 47.9
323 355 48.4
323 356 51.1
323 357 55.6
323 358 57.6
323 359 58.2
323 360 61.6
323 361 66.4
323 362 67.8
323 363 67.9
323 364 73.2
323 365 77.7
323 366 76.8
323 367 80
323 368 75.3
323 369 75.4
323 370 73.7
323 371 67.4
323 372 63.8
323 373 66.8
323 374 63.4
323 375 56.5
323 376 59.1
323 377 60.2
323 378 53.5
323 379 51.9
323 380 55.8
323 381 52.8
323 382 46.8
323 383 49.9
323 384 51.7
323 385 45.5
323 387 46.7
323 388 48.8
323 389 54.4
323 390 56.3
323 391 60.6
323 392 64.1
323 393 66.1
324 325 65.2
324 326 63.8
324 327 60.3
324 328 56.5
324 329 50.2
324 353 46.6
324 354 47.8
324 355 48.1
324 356 51.3
324 357 55.5
324 358 57.1
324 359 57.6
324 360 61.3
324 361 65.8
324 362 66.9
324 363 67.1
324 364 72.5
324 365 76.7
324 366 75.6
324 367 78.8
324 368 74.3
324 369 73.8
324 370 72.1
324 371 66.3
324 372 62.7
324 373 65.5
324 374 61.9
324 375 56.4
324 376 59.3
324 377 59.6
324 378 52.9
324 379 52.7
324 380 55.9
324 381 52.6
324 382 47.4
324 383 50.5
324 384 51.8
324 385 45.7
324 387 47.1
324 388 49.4
324 389 54.8
324 390 56.8
324 391 61.1
324 392 64.6
324 393 66.7
325 326 66.9
325 327 63.4
325 328 59.6
325 329 53.2
325 330 46.9
325 352 46.7
325 353 50.9
325 354 51.8
325 355 52.1
325 356 55.7
325 357 60
325 358 61.2
325 359 61.8
325 360 66
325 361 70.4
325 362 71
325 363 71.6
325 364 77.4
325 365 81.2
325 366 79.9
325 367 83.3
325 368 79.4
325 369 77.9
325 370 75.4
325 371 70.8
325 372 68.2
325 373 66.9
325 374 64.5
325 375 61.4
325 376 62.4
325 377 61.3
325 378 55.5
325 379 56.1
325 380 58.3
325 381 54.4
325 382 50.2
325 383 53.1
325 384 53.8
325 385 47.7
325 386 45.9
325 387 49.3
325 388 52.1
325 389 57.4
325 390 59.8
325 391 64
325 392 67.8
325 393 70.1
326 327 62.5
326 328 58.9
326 329 52.8
326 330 46.6
326 352 47.5
326 353 51.2
326 354 51.6
326 355 52
326 356 55.9
326 357 59.6
326 358 60.2
326 359 61.1
326 360 65.4
326 361 69.2
326 362 69.5
326 363 70.5
326 364 76.1
326 365 79.3
326 366 77.9
326 367 81.4
326 368 78.6
326 369 77
326 370 73.4
326 371 70.4
326 372 69.5
326 373 68.2
326 374 64
326 375 62.7
326 376 64.1
326 377 62.1
326 378 57.1
326 379 57.6
326 380 59.4
326 381 55.2
326 382 51.6
326 383 54.3
326 384 54.5
326 385 48.6
326 386 47.1
326 387 50.2
326 388 53.2
326 389 58.2
326 390 60.8
326 391 64.9
326 392 68.8
326 393 71.2
327 328 56.4
327 329 50.8
327 352 47.2
327 353 50.5
327 354 50.4
327 355 51
327 356 55
327 357 58
327 358 58.1
327 359 59.3
327 360 63.6
327 361 66.4
327 362 66.4
327 363 68
327 364 73.1
327 365 75.4
327 366 74.4
327 367 78.1
327 368 76.6
327 369 75.7
327 370 71.6
327 371 69.2
327 372 69
327 373 67.6
327 374 63.6
327 375 62.4
327 376 63.5
327 377 61
327 378 56.8
327 379 57.3
327 380 58.3
327 381 54.2
327 382 51.2
327 383 53.5
327 384 53.1
327 385 47.7
327 386 46.6
327 387 49.2
327 388 52.3
327 389 56.8
327 390 59.6
327 391 63.3
327 392 67.2
327 393 69.6
328 329 48.5
328 352 46.9
328 353 49.8
328 354 49.4
328 355 50.3
328 356 54.2
328 357 56.5
328 358 56.3
328 359 58.1
328 360 62
328 361 64.1
328 362 64
328 363 66.2
328 364 70.6
328 365 72.2
328 366 71.9
328 367 75.8
328 368 75.2
328 369 74.7
328 370 70.7
328 371 68.3
328 372 68.4
328 373 66.9
328 374 63.1
328 375 62
328 376 62.8
328 377 60.3
328 378 56.5
328 379 56.8
328 380 57.3
328 381 53.3
328 382 50.8
328 383 52.8
328 384 51.9
328 385 47
328 386 46.1
328 387 48.1
328 388 51.3
328 389 55.4
328 390 58.4
328 391 61.6
328 392 65.6
328 393 68
329 353 47.8
329 354 47.2
329 355 48.3
329 356 51.9
329 357 53.8
329 358 53.6
329 359 55.5
329 360 59.1
329 361 60.5
329 362 60.6
329 363 63
329 364 66.7
329 365 67.9
329 366 68.2
329 367 72
329 368 71.7
329 369 71.3
329 370 67.4
329 371 65.2
329 372 65.2
329 373 63.6
329 374 60.2
329 375 59.2
329 376 59.5
329 377 56.9
329 378 53.8
329 379 53.9
329 380 53.8
329 381 50.2
329 382 48.2
329 383 49.5
329 384 48.1
329 388 47.8
329 389 51
329 390 54.1
329 391 56.7
329 392 60.5
329 393 62.7
330 356 48.3
330 357 49.5
330 358 49.2
330 359 51.5
330 360 54.4
330 361 55.1
330 362 55.6
330 363 58.1
330 364 60.9
330 365 61.8
330 366 62.8
330 367 66.5
330 368 66.6
330 369 66.7
330 370 63.1
330 371 60.9
330 372 61.3
330 373 60
330 374 56.7
330 375 55.7
330 376 56.3
330 377 53.9
330 378 50.9
330 379 51.1
330 380 51
330 381 47.7
330 382 45.8
330 383 47.1
330 384 45.7
330 388 45.4
330 389 48.3
330 390 51.3
330 391 53.5
330 392 57.1
330 393 59.2
331 359 46.8
331 360 49.3
331 361 49.7
331 362 50.2
331 363 52.6
331 364 54.8
331 365 55.7
331 366 56.8
331 367 60.1
331 368 60.3
331 369 60.4
331 370 57.2
331 371 55.3
331 372 55.7
331 373 54.4
331 374 51.5
331 375 50.7
331 376 51.1
331 377 48.9
331 378 46.3
331 379 46.5
331 380 46.1
331 390 45.9
331 391 47.5
331 392 50.8
331 393 52.7
332 363 47.2
332 364 48.4
332 365 49.4
332 366 51
332 367 54.1
332 368 54.5
332 369 55.3
332 370 52.5
332 371 50.5
332 372 51.3
332 373 50.5
332 374 47.6
332 375 46.8
332 376 47.7
332 377 45.8
332 391 45.5
332 392 48.6
332 393 50.3
333 367 46
333 368 46.3
333 369 46.8
334 363 46.5
334 364 47.4
334 365 48.6
334 366 50.3
334 367 53.2
334 368 53.5
334 369 54.3
334 370 51.7
334 371 49.7
334 372 50.5
334 373 49.8
334 374 47
334 375 46.3
334 376 47.1
334 392 46.8
334 393 48.4
335 363 46.6
335 364 47.8
335 365 48.8
335 366 50.2
335 367 53
335 368 53.2
335 369 53.6
335 370 51
335 371 49.3
335 372 49.7
335 373 48.7
335 374 46.3
335 375 45.6
335 376 45.9
336 356 47.6
336 357 47.7
336 358 48.1
336 359 50.7
336 360 52.7
336 361 52.7
336 362 54.1
336 363 56.6
336 364 58.1
336 365 59.4
336 366 61.1
336 367 64.6
336 368 64.7
336 369 65.3
336 370 62
336 371 59.9
336 372 60.4
336 373 59.1
336 374 56.2
336 375 55.2
336 376 55.5
336 377 53.3
336 378 50.7
336 379 50.7
336 380 50.1
336 381 47.3
336 382 45.7
336 383 46.2
336 390 48.2
336 391 48.7
336 392 52.5
336 393 54.1
337 352 45.4
337 353 45.8
337 355 48.1
337 356 50.7
337 357 50.5
337 358 51.3
337 359 54.4
337 360 56
337 361 56
337 362 58
337 363 60.6
337 364 61.8
337 365 63.5
337 366 65.7
337 367 69.5
337 368 69.7
337 369 70.8
337 370 67.4
337 371 64.8
337 372 65.6
337 373 64.7
337 374 61.2
337 375 60.1
337 376 60.9
337 377 58.7
337 378 55.5
337 379 55.6
337 380 55.4
337 381 52.2
337 382 50.3
337 383 51.2
337 384 49.5
337 385 46.2
337 386 45.4
337 387 45.6
337 388 48.8
337 389 50.6
337 390 54
337 391 55
337 392 59.1
337 393 60.9
338 349 46.6
338 350 45.5
338 351 46.7
338 352 50.5
338 353 51.7
338 354 51.1
338 355 53.6
338 356 56.8
338 357 57.2
338 358 57.7
338 359 60.8
338 360 63.2
338 361 63.4
338 362 65
338 363 67.9
338 364 69.9
338 365 71.5
338 366 73.4
338 367 77.6
338 368 77.7
338 369 78.2
338 370 74.3
338 371 71.7
338 372 72.1
338 373 70.5
338 374 67.1
338 375 65.8
338 376 66
338 377 63.3
338 378 60.4
338 379 60.1
338 380 59.2
338 381 55.9
338 382 54
338 383 54.3
338 384 52.1
338 385 48.9
338 386 48
338 387 47.3
338 388 50.9
338 389 52
338 390 56
338 391 56.3
338 392 60.9
338 393 62.7
339 352 46.6
339 353 48.2
339 354 47.7
339 355 49.5
339 356 52.6
339 357 53.4
339 358 53.6
339 359 56.1
339 360 58.7
339 361 59.2
339 362 60.2
339 363 62.8
339 364 65
339 365 66.3
339 366 67.6
339 367 71.3
339 368 71.2
339 369 71.1
339 370 67.7
339 371 65.5
339 372 65.3
339 373 63.7
339 374 60.9
339 375 59.7
339 376 59.3
339 377 57
339 378 54.6
339 379 54
339 380 52.8
339 381 50.1
339 382 48.6
339 383 48.2
339 384 46.1
339 390 48.8
339 391 48.5
339 392 52.6
339 393 54.1
340 352 45.8
340 353 46.7
340 354 46.3
340 355 48.6
340 356 51.4
340 357 51.6
340 358 52.2
340 359 55
340 360 57
340 361 57.1
340 362 58.7
340 363 61.3
340 364 62.9
340 365 64.4
340 366 66.2
340 367 69.9
340 368 70
340 369 70.6
340 370 67.2
340 371 64.8
340 372 65.2
340 373 64
340 374 60.8
340 375 59.7
340 376 60
340 377 57.7
340 378 55
340 379 54.8
340 380 54.1
340 381 51.2
340 382 49.4
340 383 49.8
340 384 48
340 388 47
340 389 48.3
340 390 51.7
340 391 52.3
340 392 56.3
340 393 57.9
341 348 46.2
341 349 48.5
341 350 47.3
341 351 48.9
341 352 52.9
341 353 53.8
341 354 53.3
341 355 56.2
341 356 59.4
341 357 59.5
341 358 60.3
341 359 63.7
341 360 65.9
341 361 66.2
341 362 68.1
341 363 71.2
341 364 73
341 365 74.8
341 366 77
341 367 81.4
341 368 81.5
341 369 82.3
341 370 78.3
341 371 75.4
341 372 76
341 373 74.6
341 374 70.8
341 375 69.4
341 376 69.9
341 377 67.2
341 378 63.9
341 379 63.7
341 380 63
341 381 59.5
341 382 57.4
341 383 57.9
341 384 55.8
341 385 52.2
341 386 51.2
341 387 50.8
341 388 54.6
341 389 56.2
341 390 60.3
341 391 61
341 392 65.7
341 393 67.7
342 348 47.6
342 349 50.8
342 350 50.1
342 351 51
342 352 54.9
342 353 56.9
342 354 56.5
342 355 58.6
342 356 62.3
342 357 63.3
342 358 63.7
342 359 66.6
342 360 69.7
342 361 70.4
342 362 71.7
342 363 74.7
342 364 77.4
342 365 79.1
342 366 80.6
342 367 85
342 368 84.8
342 369 84.7
342 370 80.6
342 371 77.9
342 372 77.6
342 373 75.7
342 374 72.4
342 375 70.8
342 376 70.3
342 377 67.6
342 378 64.7
342 379 63.9
342 380 62.4
342 381 59.3
342 382 57.3
342 383 56.9
342 384 54.3
342 385 51.4
342 386 50.2
342 387 48.7
342 388 52.5
342 389 53.1
342 390 57.5
342 391 57.3
342 392 62.2
342 393 64
343 349 48.1
343 350 47.6
343 351 48.4
343 352 52
343 353 54
343 354 53.6
343 355 55.5
343 356 59
343 357 60.1
343 358 60.5
343 359 63.1
343 360 66
343 361 66.8
343 362 68
343 363 70.6
343 364 73.4
343 365 74.9
343 366 76.2
343 367 80.3
343 368 80
343 369 79.8
343 370 76
343 371 73.5
343 372 73.1
343 373 71.3
343 374 68.3
343 375 66.8
343 376 66.2
343 377 63.7
343 378 61
343 379 60.2
343 380 58.8
343 381 55.9
343 382 54.1
343 383 53.7
343 384 51.3
343 385 48.6
343 386 47.4
343 387 46.2
343 388 49.7
343 389 50.5
343 390 54.5
343 391 54.5
343 392 59
343 393 60.7
344 348 48.1
344 349 50.6
344 350 49.7
344 351 51.2
344 352 55.2
344 353 56.5
344 354 56.1
344 355 58.8
344 356 62.3
344 357 62.7
344 358 63.4
344 359 66.8
344 360 69.3
344 361 69.7
344 362 71.6
344 363 74.7
344 364 76.8
344 365 78.7
344 366 80.8
344 367 85.3
344 368 85.3
344 369 85.9
344 370 81.8
344 371 78.8
344 372 79.1
344 373 77.6
344 374 73.8
344 375 72.3
344 376 72.6
344 377 69.9
344 378 66.4
344 379 66.1
344 380 65.3
344 381 61.8
344 382 59.5
344 383 60
344 384 57.8
344 385 54.1
344 386 53
344 387 52.7
344 388 56.4
344 389 58.2
344 390 62.4
344 391 63.3
344 392 68.1
344 393 70.1
345 346 49.6
345 347 49.1
345 348 53.4
345 349 56.6
345 350 55.7
345 351 57.1
345 352 61.6
345 353 63.5
345 354 63
345 355 65.8
345 356 69.8
345 357 70.7
345 358 71.3
345 359 74.9
345 360 78
345 361 78.7
345 362 80.5
345 363 83.9
345 364 86.7
345 365 88.8
345 366 90.8
345 367 95.9
345 368 95.7
345 369 96
345 370 91.3
345 371 88.1
345 372 88.1
345 373 86.2
345 374 82.2
345 375 80.4
345 376 80.3
345 377 77.2
345 378 73.6
345 379 72.9
345 380 71.7
345 381 67.9
345 382 65.4
345 383 65.5
345 384 62.8
345 385 59
345 386 57.7
345 387 56.7
345 388 61
345 389 62.5
345 390 67.4
345 391 67.8
345 392 73.3
345 393 75.6
346 347 49.1
346 348 52.9
346 349 56.8
346 350 56.5
346 351 57.3
346 352 61.5
346 353 64.3
346 354 64
346 355 66.1
346 356 70.2
346 357 72
346 358 72.4
346 359 75.3
346 360 79
346 361 80.3
346 362 81.5
346 363 84.6
346 364 88.2
346 365 90.2
346 366 91.4
346 367 96.2
346 368 95.6
346 369 95.1
346 370 90.5
346 371 87.5
346 372 86.7
346 373 84.4
346 374 81
346 375 79
346 376 77.9
346 377 75
346 378 71.9
346 379 70.6
346 380 68.7
346 381 65.5
346 382 63.2
346 383 62.3
346 384 59.5
346 385 56.4
346 386 54.9
346 387 53.1
346 388 57.2
346 389 57.9
346 390 62.8
346 391 62.6
346 392 68
346 393 70.1
347 348 52.4
347 349 56
347 350 55.6
347 351 56.6
347 352 60.8
347 353 63.3
347 354 63.1
347 355 65.3
347 356 69.3
347 357 70.8
347 358 71.4
347 359 74.4
347 360 77.9
347 361 79.1
347 362 80.4
347 363 83.5
347 364 86.9
347 365 88.9
347 366 90.2
347 367 95.1
347 368 94.5
347 369 94.3
347 370 89.8
347 371 86.7
347 372 86.2
347 373 84.2
347 374 80.5
347 375 78.6
347 376 78.1
347 377 75.1
347 378 71.8
347 379 70.9
347 380 69.4
347 381 65.9
347 382 63.6
347 383 63.4
347 384 60.7
347 385 57.2
347 386 55.9
347 387 55
347 388 59.1
347 389 60.7
347 390 65.2
347 391 66
347 392 71.2
347 393 73.4
348 349 60.5
348 350 59.7
348 351 61.2
348 352 66
348 353 68
348 354 67.7
348 355 70.6
348 356 74.9
348 357 76
348 358 76.7
348 359 80.5
348 360 83.9
348 361 84.7
348 362 86.7
348 363 90.3
348 364 93.4
348 365 95.7
348 366 97.8
348 367 103
348 368 103
348 369 103
348 370 98.4
348 371 94.8
348 372 94.9
348 373 92.9
348 374 88.5
348 375 86.5
348 376 86.6
348 377 83.2
348 378 79.2
348 379 78.6
348 380 77.5
348 381 73.3
348 382 70.5
348 383 70.9
348 384 68.2
348 385 63.9
348 386 62.4
348 387 61.9
348 388 66.5
348 389 68.7
348 390 73.7
348 391 74.9
348 392 80.7
348 393 83.2
349 350 64.4
349 351 65.5
349 352 70.5
349 353 73.4
349 354 73.1
349 355 75.7
349 356 80.5
349 357 82.3
349 358 82.9
349 359 86.5
349 360 90.6
349 361 92
349 362 93.6
349 363 97.3
349 364 101
349 365 104
349 366 105
349 367 111
349 368 110
349 369 110
349 370 105
349 371 101
349 372 100
349 373 97.8
349 374 93.6
349 375 91.3
349 376 90.5
349 377 87
349 378 83.2
349 379 81.9
349 380 80
349 381 76
349 382 73.3
349 383 72.7
349 384 69.5
349 385 65.6
349 386 63.9
349 387 62.3
349 388 67.2
349 389 68.6
349 390 74.2
349 391 74.6
349 392 80.8
349 393 83.4
350 351 65.2
350 352 69.9
350 353 73.5
350 354 73.5
350 355 75.5
350 356 80.3
350 357 82.9
350 358 83.4
350 359 86.4
350 360 90.9
350 361 92.9
350 362 94
350 363 97.3
350 364 102
350 365 104
350 366 105
350 367 111
350 368 110
350 369 109
350 370 104
350 371 100
350 372 98.7
350 373 96
350 374 92.3
350 375 89.8
350 376 88.4
350 377 85.1
350 378 81.7
350 379 79.9
350 380 77.7
350 381 74.1
350 382 71.4
350 383 70.4
350 384 67.2
350 385 63.6
350 386 61.9
350 387 60.2
350 388 65
350 389 66.4
350 390 71.7
350 391 72.3
350 392 78.3
350 393 80.8
351 352 71.3
351 353 74.4
351 354 74.3
351 355 76.8
351 356 81.6
351 357 83.6
351 358 84.3
351 359 87.8
351 360 92
351 361 93.7
351 362 95.2
351 363 98.8
351 364 103
351 365 105
351 366 107
351 367 113
351 368 112
351 369 112
351 370 106
351 371 102
351 372 102
351 373 99.4
351 374 95.1
351 375 92.7
351 376 92.2
351 377 88.7
351 378 84.6
351 379 83.5
351 380 82.1
351 381 77.7
351 382 74.8
351 383 74.9
351 384 72
351 385 67.5
351 386 65.9
351 387 65.4
351 388 70.2
351 389 72.8
351 390 78
351 391 79.5
351 392 85.6
351 393 88.2
352 353 79.8
352 354 79.5
352 355 82.6
352 356 87.8
352 357 89.6
352 358 90.4
352 359 94.4
352 360 98.8
352 361 100
352 362 102
352 363 106
352 364 110
352 365 113
352 366 115
352 367 121
352 368 121
352 369 121
352 370 115
352 371 111
352 372 110
352 373 108
352 374 103
352 375 100
352 376 100
352 377 96.2
352 378 91.7
352 379 90.6
352 380 89.1
352 381 84.3
352 382 81.2
352 383 81.2
352 384 78
352 385 73.1
352 386 71.3
352 387 70.6
352 388 76
352 389 78.6
352 390 84.4
352 391 85.8
352 392 92.6
352 393 95.5
353 354 83.9
353 355 86.3
353 356 91.8
353 357 94.6
353 358 95.3
353 359 98.9
353 360 104
353 361 106
353 362 108
353 363 111
353 364 117
353 365 120
353 366 121
353 367 127
353 368 126
353 369 125
353 370 119
353 371 115
353 372 113
353 373 110
353 374 106
353 375 103
353 376 102
353 377 97.8
353 378 93.7
353 379 91.8
353 380 89.4
353 381 85.1
353 382 82
353 383 81
353 384 77.2
353 385 73
353 386 71
353 387 69.2
353 388 74.8
353 389 76.6
353 390 82.8
353 391 83.6
353 392 90.5
353 393 93.6
354 355 86.3
354 356 91.7
354 357 95
354 358 95.7
354 359 98.9
354 360 104
354 361 107
354 362 108
354 363 112
354 364 117
354 365 120
354 366 121
354 367 127
354 368 126
354 369 125
354 370 119
354 371 114
354 372 113
354 373 110
354 374 106
354 375 103
354 376 101
354 377 97.2
354 378 93.2
354 379 91.3
354 380 89
354 381 84.6
354 382 81.5
354 383 80.8
354 384 77.3
354 385 72.7
354 386 70.9
354 387 69.9
354 388 75.3
354 389 78
354 390 83.7
354 391 85.3
354 392 91.9
354 393 94.9
355 356 94.8
355 357 97.4
355 358 98.3
355 359 102
355 360 107
355 361 109
355 362 111
355 363 115
355 364 120
355 365 123
355 366 125
355 367 132
355 368 130
355 369 130
355 370 124
355 371 119
355 372 119
355 373 116
355 374 111
355 375 108
355 376 107
355 377 103
355 378 98.4
355 379 97.1
355 380 95.5
355 381 90.4
355 382 86.9
355 383 87.2
355 384 84
355 385 78.4
355 386 76.5
355 387 76.4
355 388 82
355 389 85.5
355 390 91.3
355 391 93.5
355 392 101
355 393 104
356 357 104
356 358 104
356 359 109
356 360 114
356 361 116
356 362 118
356 363 123
356 364 128
356 365 131
356 366 133
356 367 140
356 368 139
356 369 138
356 370 132
356 371 127
356 372 126
356 373 123
356 374 117
356 375 114
356 376 113
356 377 109
356 378 104
356 379 103
356 380 100
356 381 95.2
356 382 91.6
356 383 91.3
356 384 87.5
356 385 82.1
356 386 80
356 387 79.1
356 388 85.2
356 389 88.2
356 390 94.8
356 391 96.6
356 392 104
356 393 108
357 358 108
357 359 112
357 360 118
357 361 121
357 362 122
357 363 126
357 364 133
357 365 136
357 366 137
357 367 144
357 368 142
357 369 141
357 370 134
357 371 129
357 372 127
357 373 124
357 374 119
357 375 116
357 376 114
357 377 109
357 378 105
357 379 102
357 380 99.6
357 381 94.9
357 382 91.3
357 383 90.2
357 384 86
357 385 81.1
357 386 78.9
357 387 77.4
357 388 83.6
357 389 86.4
357 390 93
357 391 94.7
357 392 102
357 393 106
358 359 113
358 360 119
358 361 122
358 362 124
358 363 128
358 364 134
358 365 138
358 366 138
358 367 145
358 368 144
358 369 142
358 370 136
358 371 131
358 372 129
358 373 126
358 374 121
358 375 117
358 376 116
358 377 111
358 378 106
358 379 104
358 380 102
358 381 96.9
358 382 93.2
358 383 93
358 384 89.4
358 385 83.5
358 386 81.5
358 387 81.3
358 388 87.3
358 389 91.2
358 390 97.5
358 391 100
358 392 108
358 393 111
359 360 123
359 361 126
359 362 128
359 363 132
359 364 139
359 365 142
359 366 144
359 367 151
359 368 150
359 369 149
359 370 142
359 371 137
359 372 136
359 373 133
359 374 127
359 375 123
359 376 123
359 377 118
359 378 112
359 379 111
359 380 109
359 381 103
359 382 99.1
359 383 99.5
359 384 95.8
359 385 89.3
359 386 87.1
359 387 87.1
359 388 93.6
359 389 97.8
359 390 105
359 391 107
359 392 115
359 393 119
360 361 133
360 362 135
360 363 139
360 364 146
360 365 150
360 366 151
360 367 159
360 368 157
360 369 156
360 370 149
360 371 143
360 372 141
360 373 138
360 374 132
360 375 128
360 376 127
360 377 122
360 378 117
360 379 114
360 380 112
360 381 106
360 382 102
360 383 101
360 384 96.9
360 385 90.9
360 386 88.6
360 387 87.5
360 388 94.4
360 389 98
360 390 105
360 391 107
360 392 116
360 393 120
361 362 138
361 363 142
361 364 150
361 365 154
361 366 155
361 367 163
361 368 160
361 369 158
361 370 151
361 371 145
361 372 143
361 373 139
361 374 134
361 375 130
361 376 127
361 377 123
361 378 118
361 379 115
361 380 112
361 381 106
361 382 102
361 383 101
361 384 97
361 385 90.9
361 386 88.7
361 387 88
361 388 94.8
361 389 98.9
361 390 106
361 391 109
361 392 117
361 393 121
362 363 145
362 364 152
362 365 156
362 366 157
362 367 165
362 368 163
362 369 162
362 370 154
362 371 149
362 372 147
362 373 143
362 374 137
362 375 133
362 376 132
362 377 127
362 378 121
362 379 119
362 380 117
362 381 111
362 382 106
362 383 107
362 384 103
362 385 95.6
362 386 93.3
362 387 93.7
362 388 101
362 389 106
362 390 113
362 391 116
362 392 124
362 393 128
363 364 157
363 365 161
363 366 163
363 367 171
363 368 169
363 369 169
363 370 160
363 371 155
363 372 153
363 373 149
363 374 143
363 375 139
363 376 138
363 377 133
363 378 126
363 379 124
363 380 122
363 381 116
363 382 111
363 383 111
363 384 107
363 385 99.7
363 386 97.3
363 387 97.2
363 388 105
363 389 109
363 390 117
363 391 120
363 392 129
363 393 133
364 365 169
364 366 170
364 367 179
364 368 177
364 369 175
364 370 167
364 371 161
364 372 158
364 373 154
364 374 148
364 375 143
364 376 141
364 377 136
364 378 130
364 379 127
364 380 124
364 381 118
364 382 113
364 383 113
364 384 108
364 385 101
364 386 98.3
364 387 97.5
364 388 105
364 389 110
364 390 118
364 391 121
364 392 130
364 393 134
365 366 175
365 367 184
365 368 181
365 369 180
365 370 171
365 371 165
365 372 162
365 373 158
365 374 152
365 375 147
365 376 145
365 377 140
365 378 134
365 379 131
365 380 129
365 381 122
365 382 117
365 383 117
365 384 113
365 385 105
365 386 102
365 387 103
365 388 110
365 389 116
365 390 124
365 391 128
365 392 137
365 393 141
366 367 186
366 368 184
366 369 183
366 370 174
366 371 168
366 372 167
366 373 163
366 374 155
366 375 151
366 376 150
366 377 144
366 378 138
366 379 136
366 380 134
366 381 126
366 382 121
366 383 122
366 384 118
366 385 109
366 386 107
366 387 107
366 388 115
366 389 121
366 390 129
366 391 133
366 392 143
366 393 148
367 368 194
367 369 194
367 370 184
367 371 177
367 372 176
367 373 172
367 374 164
367 375 160
367 376 159
367 377 153
367 378 146
367 379 144
367 380 142
367 381 134
367 382 128
367 383 129
367 384 125
367 385 116
367 386 113
367 387 113
367 388 122
367 389 128
367 390 136
367 391 141
367 392 151
367 393 156
368 369 193
368 370 184
368 371 177
368 372 176
368 373 172
368 374 164
368 375 160
368 376 159
368 377 153
368 378 145
368 379 144
368 380 142
368 381 134
368 382 128
368 383 129
368 384 124
368 385 116
368 386 113
368 387 113
368 388 121
368 389 127
368 390 136
368 391 139
368 392 150
368 393 155
369 370 184
369 371 177
369 372 178
369 373 174
369 374 165
369 375 161
369 376 162
369 377 156
369 378 147
369 379 146
369 380 145
369 381 137
369 382 131
369 383 133
369 384 129
369 385 119
369 386 116
369 387 117
369 388 126
369 389 132
369 390 141
369 391 145
369 392 156
369 393 161
370 371 168
370 372 169
370 373 166
370 374 157
370 375 153
370 376 154
370 377 148
370 378 140
370 379 139
370 380 139
370 381 131
370 382 125
370 383 127
370 384 123
370 385 114
370 386 111
370 387 112
370 388 120
370 389 127
370 390 135
370 391 139
370 392 150
370 393 154
371 372 162
371 373 159
371 374 151
371 375 147
371 376 147
371 377 142
371 378 134
371 379 133
371 380 132
371 381 124
371 382 119
371 383 121
371 384 116
371 385 108
371 386 105
371 387 106
371 388 114
371 389 119
371 390 127
371 391 131
371 392 141
371 393 145
372 373 160
372 374 152
372 375 148
372 376 149
372 377 144
372 378 136
372 379 135
372 380 134
372 381 127
372 382 121
372 383 123
372 384 119
372 385 110
372 386 108
372 387 109
372 388 116
372 389 122
372 390 130
372 391 134
372 392 144
372 393 149
373 374 149
373 375 146
373 376 148
373 377 142
373 378 134
373 379 134
373 380 134
373 381 126
373 382 120
373 383 123
373 384 120
373 385 110
373 386 107
373 387 109
373 388 117
373 389 123
373 390 131
373 391 136
373 392 145
373 393 150
374 375 138
374 376 139
374 377 134
374 378 127
374 379 126
374 380 126
374 381 118
374 382 113
374 383 115
374 384 112
374 385 104
374 386 101
374 387 103
374 388 110
374 389 116
374 390 123
374 391 127
374 392 136
374 393 140
375 376 136
375 377 131
375 378 124
375 379 123
375 380 123
375 381 115
375 382 110
375 383 112
375 384 109
375 385 101
375 386 98.2
375 387 99.2
375 388 106
375 389 112
375 390 119
375 391 122
375 392 131
375 393 136
376 377 134
376 378 125
376 379 125
376 380 126
376 381 118
376 382 113
376 383 115
376 384 113
376 385 104
376 386 101
376 387 103
376 388 110
376 389 116
376 390 123
376 391 127
376 392 136
376 393 141
377 378 121
377 379 121
377 380 122
377 381 115
377 382 109
377 383 112
377 384 110
377 385 101
377 386 98.2
377 387 101
377 388 107
377 389 113
377 390 120
377 391 124
377 392 133
377 393 137
378 379 114
378 380 114
378 381 107
378 382 102
378 383 104
378 384 102
378 385 94.1
378 386 91.6
378 387 93.3
378 388 99.5
378 389 105
378 390 111
378 391 115
378 392 123
378 393 127
379 380 114
379 381 107
379 382 102
379 383 105
379 384 102
379 385 94.2
379 386 91.7
379 387 93.4
379 388 99.6
379 389 105
379 390 111
379 391 115
379 392 123
379 393 127
380 381 109
380 382 103
380 383 106
380 384 105
380 385 96.1
380 386 93.3
380 387 96
380 388 102
380 389 108
380 390 114
380 391 119
380 392 127
380 393 130
381 382 97
381 383 100
381 384 98.6
381 385 90.5
381 386 87.8
381 387 90.5
381 388 95.8
381 389 102
381 390 107
381 391 111
381 392 119
381 393 122
382 383 94.7
382 384 92.8
382 385 85.5
382 386 83.3
382 387 85.1
382 388 90.5
382 389 95.6
382 390 101
382 391 105
382 392 112
382 393 115
383 384 96.2
383 385 88.4
383 386 85.9
383 387 88.3
383 388 93.7
383 389 99.4
383 390 105
383 391 109
383 392 116
383 393 119
384 385 87.5
384 386 84.7
384 387 87.9
384 388 92.7
384 389 99
384 390 104
384 391 108
384 392 115
384 393 118
385 386 77.9
385 387 80.5
385 388 85
385 389 90.5
385 390 95.1
385 391 98.9
385 392 105
385 393 108
386 387 77.9
386 388 82.5
386 389 87.4
386 390 92.2
386 391 95.6
386 392 102
386 393 105
387 388 85.3
387 389 91.1
387 390 95.4
387 391 99.6
387 392 106
387 393 109
388 389 96
388 390 101
388 391 105
388 392 112
388 393 115
389 390 108
389 391 113
389 392 120
389 393 123
390 391 118
390 392 126
390 393 129
391 392 131
391 393 135
392 393 144
